CF_Tcu_InhCda,0,1596171368.577949
CF_Tcu_InhCda,0,1596171368.586016
CF_Tcu_InhCda,0,1596171368.6064372
CF_Tcu_InhCda,0,1596171368.6965358
CF_Tcu_InhCda,0,1596171368.8279278
CF_Tcu_InhCda,0,1596171368.8852322
CF_Tcu_InhCda,0,1596171368.926077
CF_Tcu_InhCda,0,1596171368.9346561
CF_Tcu_InhCda,0,1596171369.0365288
CF_Tcu_InhCda,0,1596171369.147202
CF_Tcu_InhCda,0,1596171369.2575948
CF_Tcu_InhCda,0,1596171369.3275368
CF_Tcu_InhCda,0,1596171369.36454
CF_Tcu_InhCda,0,1596171369.487015
CF_Tcu_InhCda,0,1596171369.5448818
CF_Tcu_InhCda,0,1596171369.58567
CF_Tcu_InhCda,0,1596171369.676157
CF_Tcu_InhCda,0,1596171369.765901
CF_Tcu_InhCda,0,1596171369.8474429
CF_Tcu_InhCda,0,1596171369.905365
CF_Tcu_InhCda,0,1596171369.91716
CF_Tcu_InhCda,0,1596171369.954489
CF_Tcu_InhCda,0,1596171369.966152
CF_Tcu_InhCda,0,1596171370.027793
CF_Tcu_InhCda,0,1596171370.306207
CF_Tcu_InhCda,0,1596171370.355806
CF_Tcu_InhCda,0,1596171370.45771
CF_Tcu_InhCda,0,1596171370.4950774
CF_Tcu_InhCda,0,1596171370.527627
CF_Tcu_InhCda,0,1596171370.756733
CF_Tcu_InhCda,0,1596171371.317761
CF_Tcu_InhCda,0,1596171371.326307
CF_Tcu_InhCda,0,1596171371.4946651
CF_Tcu_InhCda,0,1596171371.6460822
CF_Tcu_InhCda,0,1596171371.8871071
CF_Tcu_InhCda,0,1596171372.166084
CF_Tcu_InhCda,0,1596171372.198488
CF_Tcu_InhCda,0,1596171372.247571
CF_Tcu_InhCda,0,1596171372.36637
CF_Tcu_InhCda,0,1596171372.5346801
CF_Tcu_InhCda,0,1596171372.6571672
CF_Tcu_InhCda,0,1596171372.685864
CF_Tcu_InhCda,0,1596171372.796716
CF_Tcu_InhCda,0,1596171372.9071226
CF_Tcu_InhCda,0,1596171372.9156082
CF_Tcu_InhCda,0,1596171372.976941
CF_Tcu_InhCda,0,1596171373.156956
CF_Tcu_InhCda,0,1596171373.276065
CF_Tcu_InhCda,0,1596171373.394824
CF_Tcu_InhCda,0,1596171373.4272301
CF_Tcu_InhCda,0,1596171373.455743
CF_Tcu_InhCda,0,1596171373.5052748
CF_Tcu_InhCda,0,1596171373.54602
CF_Tcu_InhCda,0,1596171373.7262552
CF_Tcu_InhCda,0,1596171373.8655882
CF_Tcu_InhCda,0,1596171374.10708
CF_Tcu_InhCda,0,1596171374.1972618
CF_Tcu_InhCda,0,1596171374.266958
CF_Tcu_InhCda,0,1596171374.295507
CF_Tcu_InhCda,0,1596171374.397845
CF_Tcu_InhCda,0,1596171374.836131
CF_Tcu_InhCda,0,1596171374.996379
CF_Tcu_InhCda,0,1596171375.155701
CF_Tcu_InhCda,0,1596171375.454907
CF_Tcu_InhCda,0,1596171375.46686
CF_Tcu_InhCda,0,1596171375.6269171
CF_Tcu_InhCda,0,1596171375.6962626
CF_Tcu_InhCda,0,1596171375.9956968
CF_Tcu_InhCda,0,1596171376.064952
CF_Tcu_InhCda,0,1596171376.1671891
CF_Tcu_InhCda,0,1596171376.326977
CF_Tcu_InhCda,0,1596171376.4263089
CF_Tcu_InhCda,0,1596171376.5359
CF_Tcu_InhCda,0,1596171376.676598
CF_Tcu_InhCda,0,1596171376.7980142
CF_Tcu_InhCda,0,1596171376.945586
CF_Tcu_InhCda,0,1596171376.995114
CF_Tcu_InhCda,0,1596171377.01526
CF_Tcu_InhCda,0,1596171377.04422
CF_Tcu_InhCda,0,1596171377.09714
CF_Tcu_InhCda,0,1596171377.3265288
CF_Tcu_InhCda,0,1596171377.367286
CF_Tcu_InhCda,0,1596171377.404567
CF_Tcu_InhCda,0,1596171377.426142
CF_Tcu_InhCda,0,1596171377.47482
CF_Tcu_InhCda,0,1596171377.617357
CF_Tcu_InhCda,0,1596171377.6459038
CF_Tcu_InhCda,0,1596171377.686774
CF_Tcu_InhCda,0,1596171377.826176
CF_Tcu_InhCda,0,1596171377.8465438
CF_Tcu_InhCda,0,1596171377.985806
CF_Tcu_InhCda,0,1596171378.137264
CF_Tcu_InhCda,0,1596171378.33471
CF_Tcu_InhCda,0,1596171378.375527
CF_Tcu_InhCda,0,1596171378.518476
CF_Tcu_InhCda,0,1596171378.6370802
CF_Tcu_InhCda,0,1596171378.8749712
CF_Tcu_InhCda,0,1596171378.903693
CF_Tcu_InhCda,0,1596171378.9364321
CF_Tcu_InhCda,0,1596171378.965197
CF_Tcu_InhCda,0,1596171379.337368
CF_Tcu_InhCda,0,1596171379.345686
CF_Tcu_InhCda,0,1596171379.4687471
CF_Tcu_InhCda,0,1596171379.51765
CF_Tcu_InhCda,0,1596171379.5872529
CF_Tcu_InhCda,0,1596171379.6978061
CF_Tcu_InhCda,0,1596171379.735483
CF_Tcu_InhCda,0,1596171379.8166444
CF_Tcu_InhCda,0,1596171379.9969876
CF_Tcu_InhCda,0,1596171380.2959528
CF_Tcu_InhCda,0,1596171380.316392
CF_Tcu_InhCda,0,1596171380.386548
CF_Tcu_InhCda,0,1596171380.685915
CF_Tcu_InhCda,0,1596171380.7177546
CF_Tcu_InhCda,0,1596171380.8077939
CF_Tcu_InhCda,0,1596171380.926595
CF_Tcu_InhCda,0,1596171381.0167382
CF_Tcu_InhCda,0,1596171381.25469
CF_Tcu_InhCda,0,1596171381.3074892
CF_Tcu_InhCda,0,1596171381.696741
CF_Tcu_InhCda,0,1596171381.745806
CF_Tcu_InhCda,0,1596171381.7955
CF_Tcu_InhCda,0,1596171381.886173
CF_Tcu_InhCda,0,1596171381.9259431
CF_Tcu_InhCda,0,1596171381.94659
CF_Tcu_InhCda,0,1596171381.967006
CF_Tcu_InhCda,0,1596171382.057141
CF_Tcu_InhCda,0,1596171382.1849132
CF_Tcu_InhCda,0,1596171382.19637
CF_Tcu_InhCda,0,1596171382.487173
CF_Tcu_InhCda,0,1596171382.495379
CF_Tcu_InhCda,0,1596171382.52811
CF_Tcu_InhCda,0,1596171382.737138
CF_Tcu_InhCda,0,1596171382.7455368
CF_Tcu_InhCda,0,1596171382.847567
CF_Tcu_InhCda,0,1596171382.868166
CF_Tcu_InhCda,0,1596171382.93412
CF_Tcu_InhCda,0,1596171383.4373732
CF_Tcu_InhCda,0,1596171383.494775
CF_Tcu_InhCda,0,1596171383.5069098
CF_Tcu_InhCda,0,1596171383.6382778
CF_Tcu_InhCda,0,1596171384.088642
CF_Tcu_InhCda,0,1596171384.154575
CF_Tcu_InhCda,0,1596171384.305726
CF_Tcu_InhCda,0,1596171384.317989
CF_Tcu_InhCda,0,1596171384.40448
CF_Tcu_InhCda,0,1596171384.50636
CF_Tcu_InhCda,0,1596171384.5679731
CF_Tcu_InhCda,0,1596171384.6783721
CF_Tcu_InhCda,0,1596171384.756254
CF_Tcu_InhCda,0,1596171384.875575
CF_Tcu_InhCda,0,1596171384.965182
CF_Tcu_InhCda,0,1596171385.035802
CF_Tcu_InhCda,0,1596171385.1948428
CF_Tcu_InhCda,0,1596171385.256059
CF_Tcu_InhCda,0,1596171385.2765038
CF_Tcu_InhCda,0,1596171385.305413
CF_Tcu_InhCda,0,1596171385.636872
CF_Tcu_InhCda,0,1596171385.677702
CF_Tcu_InhCda,0,1596171385.8543491
CF_Tcu_InhCda,0,1596171386.07516
CF_Tcu_InhCda,0,1596171386.087252
CF_Tcu_InhCda,0,1596171386.3168054
CF_Tcu_InhCda,0,1596171386.325558
CF_Tcu_InhCda,0,1596171386.607394
CF_Tcu_InhCda,0,1596171386.787777
CF_Tcu_InhCda,0,1596171386.7959518
CF_Tcu_InhCda,0,1596171386.816405
CF_Tcu_InhCda,0,1596171386.9761431
CF_Tcu_InhCda,0,1596171387.197364
CF_Tcu_InhCda,0,1596171387.205581
CF_Tcu_InhCda,0,1596171387.234764
CF_Tcu_InhCda,0,1596171387.353914
CF_Tcu_InhCda,0,1596171387.377534
CF_Tcu_InhCda,0,1596171387.475878
CF_Tcu_InhCda,0,1596171387.627376
CF_Tcu_InhCda,0,1596171387.7256632
CF_Tcu_InhCda,0,1596171388.037078
CF_Tcu_InhCda,0,1596171388.045232
CF_Tcu_InhCda,0,1596171388.066027
CF_Tcu_InhCda,0,1596171388.1968234
CF_Tcu_InhCda,0,1596171388.33634
CF_Tcu_InhCda,0,1596171388.63611
CF_Tcu_InhCda,0,1596171388.675893
CF_Tcu_InhCda,0,1596171388.806885
CF_Tcu_InhCda,0,1596171388.815574
CF_Tcu_InhCda,0,1596171388.8477912
CF_Tcu_InhCda,0,1596171388.8647199
CF_Tcu_InhCda,0,1596171388.954802
CF_Tcu_InhCda,0,1596171388.9753149
CF_Tcu_InhCda,0,1596171388.995758
CF_Tcu_InhCda,0,1596171389.044965
CF_Tcu_InhCda,0,1596171389.056868
CF_Tcu_InhCda,0,1596171389.126415
CF_Tcu_InhCda,0,1596171389.135865
CF_Tcu_InhCda,0,1596171389.225043
CF_Tcu_InhCda,0,1596171389.4459589
CF_Tcu_InhCda,0,1596171389.4663384
CF_Tcu_InhCda,0,1596171389.7081552
CF_Tcu_InhCda,0,1596171389.757186
CF_Tcu_InhCda,0,1596171390.064832
CF_Tcu_InhCda,0,1596171390.0767019
CF_Tcu_InhCda,0,1596171390.1955528
CF_Tcu_InhCda,0,1596171390.256785
CF_Tcu_InhCda,0,1596171390.265546
CF_Tcu_InhCda,0,1596171390.5271661
CF_Tcu_InhCda,0,1596171390.596939
CF_Tcu_InhCda,0,1596171390.9368188
CF_Tcu_InhCda,0,1596171390.957352
CF_Tcu_InhCda,0,1596171390.9655108
CF_Tcu_InhCda,0,1596171391.08527
CF_Tcu_InhCda,0,1596171391.43661
CF_Tcu_InhCda,0,1596171391.4773982
CF_Tcu_InhCda,0,1596171391.7235992
CF_Tcu_InhCda,0,1596171391.756158
CF_Tcu_InhCda,0,1596171391.8055038
CF_Tcu_InhCda,0,1596171391.817573
CF_Tcu_InhCda,0,1596171391.826079
CF_Tcu_InhCda,0,1596171391.907445
CF_Tcu_InhCda,0,1596171391.977142
CF_Tcu_InhCda,0,1596171391.9864
CF_Tcu_InhCda,0,1596171392.0553012
CF_Tcu_InhCda,0,1596171392.1573029
CF_Tcu_InhCda,0,1596171392.276104
CF_Tcu_InhCda,0,1596171392.337515
CF_Tcu_InhCda,0,1596171392.375054
CF_Tcu_InhCda,0,1596171392.497235
CF_Tcu_InhCda,0,1596171392.645216
CF_Tcu_InhCda,0,1596171392.7676551
CF_Tcu_InhCda,0,1596171392.895118
CF_Tcu_InhCda,0,1596171393.0953534
CF_Tcu_InhCda,0,1596171393.1364741
CF_Tcu_InhCda,0,1596171393.197708
CF_Tcu_InhCda,0,1596171393.4270759
CF_Tcu_InhCda,0,1596171393.554503
CF_Tcu_InhCda,0,1596171393.566348
CF_Tcu_InhCda,0,1596171393.627702
CF_Tcu_InhCda,0,1596171393.6768699
CF_Tcu_InhCda,0,1596171393.7260976
CF_Tcu_InhCda,0,1596171393.746588
CF_Tcu_InhCda,0,1596171393.767049
CF_Tcu_InhCda,0,1596171393.804312
CF_Tcu_InhCda,0,1596171393.8453028
CF_Tcu_InhCda,0,1596171393.8861508
CF_Tcu_InhCda,0,1596171393.967816
CF_Tcu_InhCda,0,1596171394.095073
CF_Tcu_InhCda,0,1596171394.1765716
CF_Tcu_InhCda,0,1596171394.217501
CF_Tcu_InhCda,0,1596171394.426411
CF_Tcu_InhCda,0,1596171394.5657802
CF_Tcu_InhCda,0,1596171394.7056038
CF_Tcu_InhCda,0,1596171394.786828
CF_Tcu_InhCda,0,1596171394.856538
CF_Tcu_InhCda,0,1596171394.886325
CF_Tcu_InhCda,0,1596171394.9261699
CF_Tcu_InhCda,0,1596171394.995768
CF_Tcu_InhCda,0,1596171395.204691
CF_Tcu_InhCda,0,1596171395.2169046
CF_Tcu_InhCda,0,1596171395.386446
CF_Tcu_InhCda,0,1596171395.4350722
CF_Tcu_InhCda,0,1596171395.524557
CF_Tcu_InhCda,0,1596171395.544978
CF_Tcu_InhCda,0,1596171395.5568378
CF_Tcu_InhCda,0,1596171395.6184402
CF_Tcu_InhCda,0,1596171395.68473
CF_Tcu_InhCda,0,1596171395.7779992
CF_Tcu_InhCda,0,1596171395.896863
CF_Tcu_InhCda,0,1596171395.905576
CF_Tcu_InhCda,0,1596171396.0158849
CF_Tcu_InhCda,0,1596171396.306492
CF_Tcu_InhCda,0,1596171396.3473332
CF_Tcu_InhCda,0,1596171396.396669
CF_Tcu_InhCda,0,1596171396.4541981
CF_Tcu_InhCda,0,1596171396.6753972
CF_Tcu_InhCda,0,1596171396.724635
CF_Tcu_InhCda,0,1596171396.8186188
CF_Tcu_InhCda,0,1596171396.925398
CF_Tcu_InhCda,0,1596171396.98661
CF_Tcu_InhCda,0,1596171397.0969331
CF_Tcu_InhCda,0,1596171397.117676
CF_Tcu_InhCda,0,1596171397.1746962
CF_Tcu_InhCda,0,1596171397.207411
CF_Tcu_InhCda,0,1596171397.355272
CF_Tcu_InhCda,0,1596171397.457314
CF_Tcu_InhCda,0,1596171397.4942448
CF_Tcu_InhCda,0,1596171397.5851278
CF_Tcu_InhCda,0,1596171397.7481332
CF_Tcu_InhCda,0,1596171397.907868
CF_Tcu_InhCda,0,1596171397.9860082
CF_Tcu_InhCda,0,1596171398.0845392
CF_Tcu_InhCda,0,1596171398.125139
CF_Tcu_InhCda,0,1596171398.1373231
CF_Tcu_InhCda,0,1596171398.178138
CF_Tcu_InhCda,0,1596171398.28542
CF_Tcu_InhCda,0,1596171398.727011
CF_Tcu_InhCda,0,1596171398.764278
CF_Tcu_InhCda,0,1596171398.7762518
CF_Tcu_InhCda,0,1596171398.886755
CF_Tcu_InhCda,0,1596171398.915733
CF_Tcu_InhCda,0,1596171398.936608
CF_Tcu_InhCda,0,1596171399.2471
CF_Tcu_InhCda,0,1596171399.3864849
CF_Tcu_InhCda,0,1596171399.427352
CF_Tcu_InhCda,0,1596171399.444434
CF_Tcu_InhCda,0,1596171399.4765482
CF_Tcu_InhCda,0,1596171399.566709
CF_Tcu_InhCda,0,1596171399.595362
CF_Tcu_InhCda,0,1596171399.6566641
CF_Tcu_InhCda,0,1596171399.73568
CF_Tcu_InhCda,0,1596171399.763793
CF_Tcu_InhCda,0,1596171399.775615
CF_Tcu_InhCda,0,1596171400.1565874
CF_Tcu_InhCda,0,1596171400.168942
CF_Tcu_InhCda,0,1596171400.2056868
CF_Tcu_InhCda,0,1596171400.226072
CF_Tcu_InhCda,0,1596171400.476365
CF_Tcu_InhCda,0,1596171400.586556
CF_Tcu_InhCda,0,1596171400.627455
CF_Tcu_InhCda,0,1596171400.7957098
CF_Tcu_InhCda,0,1596171401.016583
CF_Tcu_InhCda,0,1596171401.1152759
CF_Tcu_InhCda,0,1596171401.2582052
CF_Tcu_InhCda,0,1596171401.2869089
CF_Tcu_InhCda,0,1596171401.2951126
CF_Tcu_InhCda,0,1596171401.3073359
CF_Tcu_InhCda,0,1596171401.3361812
CF_Tcu_InhCda,0,1596171401.4877632
CF_Tcu_InhCda,0,1596171401.495899
CF_Tcu_InhCda,0,1596171401.565943
CF_Tcu_InhCda,0,1596171401.626856
CF_Tcu_InhCda,0,1596171401.733942
CF_Tcu_InhCda,0,1596171401.774983
CF_Tcu_InhCda,0,1596171401.9958231
CF_Tcu_InhCda,0,1596171402.0368009
CF_Tcu_InhCda,0,1596171402.0978339
CF_Tcu_InhCda,0,1596171402.1359491
CF_Tcu_InhCda,0,1596171402.184823
CF_Tcu_InhCda,0,1596171402.1962829
CF_Tcu_InhCda,0,1596171402.2167194
CF_Tcu_InhCda,0,1596171402.3194132
CF_Tcu_InhCda,0,1596171402.527943
CF_Tcu_InhCda,0,1596171402.556848
CF_Tcu_InhCda,0,1596171402.8150342
CF_Tcu_InhCda,0,1596171403.064909
CF_Tcu_InhCda,0,1596171403.0861561
CF_Tcu_InhCda,0,1596171403.187625
CF_Tcu_InhCda,0,1596171403.236619
CF_Tcu_InhCda,0,1596171403.245217
CF_Tcu_InhCda,0,1596171403.2569456
CF_Tcu_InhCda,0,1596171403.265248
CF_Tcu_InhCda,0,1596171403.465847
CF_Tcu_InhCda,0,1596171403.5153902
CF_Tcu_InhCda,0,1596171403.5272794
CF_Tcu_InhCda,0,1596171403.5477078
CF_Tcu_InhCda,0,1596171403.6547039
CF_Tcu_InhCda,0,1596171403.666639
CF_Tcu_InhCda,0,1596171403.84688
CF_Tcu_InhCda,0,1596171403.875489
CF_Tcu_InhCda,0,1596171403.904505
CF_Tcu_InhCda,0,1596171403.945716
CF_Tcu_InhCda,0,1596171403.9660008
CF_Tcu_InhCda,0,1596171404.006547
CF_Tcu_InhCda,0,1596171404.036299
CF_Tcu_InhCda,0,1596171404.1257539
CF_Tcu_InhCda,0,1596171404.1463306
CF_Tcu_InhCda,0,1596171404.158009
CF_Tcu_InhCda,0,1596171404.1952689
CF_Tcu_InhCda,0,1596171404.2563891
CF_Tcu_InhCda,0,1596171404.326026
CF_Tcu_InhCda,0,1596171404.3676949
CF_Tcu_InhCda,0,1596171404.395766
CF_Tcu_InhCda,0,1596171404.457226
CF_Tcu_InhCda,0,1596171404.588168
CF_Tcu_InhCda,0,1596171404.6576571
CF_Tcu_InhCda,0,1596171404.6660008
CF_Tcu_InhCda,0,1596171404.8753548
CF_Tcu_InhCda,0,1596171404.887135
CF_Tcu_InhCda,0,1596171404.924339
CF_Tcu_InhCda,0,1596171404.9450212
CF_Tcu_InhCda,0,1596171404.9568481
CF_Tcu_InhCda,0,1596171405.006308
CF_Tcu_InhCda,0,1596171405.096195
CF_Tcu_InhCda,0,1596171405.194808
CF_Tcu_InhCda,0,1596171405.247473
CF_Tcu_InhCda,0,1596171405.268327
CF_Tcu_InhCda,0,1596171405.305335
CF_Tcu_InhCda,0,1596171405.465036
CF_Tcu_InhCda,0,1596171405.476886
CF_Tcu_InhCda,0,1596171405.489207
CF_Tcu_InhCda,0,1596171405.4974
CF_Tcu_InhCda,0,1596171405.518132
CF_Tcu_InhCda,0,1596171405.567698
CF_Tcu_InhCda,0,1596171405.645347
CF_Tcu_InhCda,0,1596171405.6571462
CF_Tcu_InhCda,0,1596171405.7678974
CF_Tcu_InhCda,0,1596171405.788214
CF_Tcu_InhCda,0,1596171405.935914
CF_Tcu_InhCda,0,1596171406.1076338
CF_Tcu_InhCda,0,1596171406.11593
CF_Tcu_InhCda,0,1596171406.165362
CF_Tcu_InhCda,0,1596171406.246998
CF_Tcu_InhCda,0,1596171406.2844589
CF_Tcu_InhCda,0,1596171406.296109
CF_Tcu_InhCda,0,1596171406.366127
CF_Tcu_InhCda,0,1596171406.3947046
CF_Tcu_InhCda,0,1596171406.50535
CF_Tcu_InhCda,0,1596171406.915235
CF_Tcu_InhCda,0,1596171406.9268339
CF_Tcu_InhCda,0,1596171406.935301
CF_Tcu_InhCda,0,1596171406.9679651
CF_Tcu_InhCda,0,1596171406.9760242
CF_Tcu_InhCda,0,1596171406.988417
CF_Tcu_InhCda,0,1596171407.0908618
CF_Tcu_InhCda,0,1596171407.127508
CF_Tcu_InhCda,0,1596171407.1972194
CF_Tcu_InhCda,0,1596171407.266753
CF_Tcu_InhCda,0,1596171407.3077078
CF_Tcu_InhCda,0,1596171407.336482
CF_Tcu_InhCda,0,1596171407.3654609
CF_Tcu_InhCda,0,1596171407.386672
CF_Tcu_InhCda,0,1596171407.4266
CF_Tcu_InhCda,0,1596171407.606838
CF_Tcu_InhCda,0,1596171407.705363
CF_Tcu_InhCda,0,1596171407.717492
CF_Tcu_InhCda,0,1596171407.795582
CF_Tcu_InhCda,0,1596171407.856542
CF_Tcu_InhCda,0,1596171407.865173
CF_Tcu_InhCda,0,1596171407.886292
CF_Tcu_InhCda,0,1596171407.8975608
CF_Tcu_InhCda,0,1596171407.9097722
CF_Tcu_InhCda,0,1596171407.914422
CF_Tcu_InhCda,0,1596171407.967329
CF_Tcu_InhCda,0,1596171407.9959474
CF_Tcu_InhCda,0,1596171408.327643
CF_Tcu_InhCda,0,1596171408.466894
CF_Tcu_InhCda,0,1596171408.487427
CF_Tcu_InhCda,0,1596171408.507833
CF_Tcu_InhCda,0,1596171408.516055
CF_Tcu_InhCda,0,1596171408.577484
CF_Tcu_InhCda,0,1596171408.598007
CF_Tcu_InhCda,0,1596171408.6061966
CF_Tcu_InhCda,0,1596171408.667687
CF_Tcu_InhCda,0,1596171408.7781386
CF_Tcu_InhCda,0,1596171408.787333
CF_Tcu_InhCda,0,1596171408.7985752
CF_Tcu_InhCda,0,1596171408.8973892
CF_Tcu_InhCda,0,1596171408.946162
CF_Tcu_InhCda,0,1596171409.0075119
CF_Tcu_InhCda,0,1596171409.056664
CF_Tcu_InhCda,0,1596171409.106198
CF_Tcu_InhCda,0,1596171409.126758
CF_Tcu_InhCda,0,1596171409.13482
CF_Tcu_InhCda,0,1596171409.187706
CF_Tcu_InhCda,0,1596171409.196352
CF_Tcu_InhCda,0,1596171409.347442
CF_Tcu_InhCda,0,1596171409.495276
CF_Tcu_InhCda,0,1596171409.5360909
CF_Tcu_InhCda,0,1596171409.6755476
CF_Tcu_InhCda,0,1596171409.797919
CF_Tcu_InhCda,0,1596171409.836083
CF_Tcu_InhCda,0,1596171409.9458132
CF_Tcu_InhCda,0,1596171410.0069408
CF_Tcu_InhCda,0,1596171410.027458
CF_Tcu_InhCda,0,1596171410.064833
CF_Tcu_InhCda,0,1596171410.1057534
CF_Tcu_InhCda,0,1596171410.1666222
CF_Tcu_InhCda,0,1596171410.297739
CF_Tcu_InhCda,0,1596171410.396209
CF_Tcu_InhCda,0,1596171410.408224
CF_Tcu_InhCda,0,1596171410.477804
CF_Tcu_InhCda,0,1596171410.506558
CF_Tcu_InhCda,0,1596171410.53629
CF_Tcu_InhCda,0,1596171410.55585
CF_Tcu_InhCda,0,1596171410.5967958
CF_Tcu_InhCda,0,1596171410.666327
CF_Tcu_InhCda,0,1596171410.7073238
CF_Tcu_InhCda,0,1596171410.9078634
CF_Tcu_InhCda,0,1596171410.916181
CF_Tcu_InhCda,0,1596171410.928395
CF_Tcu_InhCda,0,1596171411.178221
CF_Tcu_InhCda,0,1596171411.186483
CF_Tcu_InhCda,0,1596171411.198694
CF_Tcu_InhCda,0,1596171411.337941
CF_Tcu_InhCda,0,1596171411.477247
CF_Tcu_InhCda,0,1596171411.4979599
CF_Tcu_InhCda,0,1596171411.5264242
CF_Tcu_InhCda,0,1596171411.596189
CF_Tcu_InhCda,0,1596171411.637022
CF_Tcu_InhCda,0,1596171411.727094
CF_Tcu_InhCda,0,1596171411.837759
CF_Tcu_InhCda,0,1596171411.845907
CF_Tcu_InhCda,0,1596171411.875229
CF_Tcu_InhCda,0,1596171411.887041
CF_Tcu_InhCda,0,1596171412.075712
CF_Tcu_InhCda,0,1596171412.185869
CF_Tcu_InhCda,0,1596171412.2064269
CF_Tcu_InhCda,0,1596171412.4070778
CF_Tcu_InhCda,0,1596171412.435953
CF_Tcu_InhCda,0,1596171412.697765
CF_Tcu_InhCda,0,1596171412.7064312
CF_Tcu_InhCda,0,1596171412.8372116
CF_Tcu_InhCda,0,1596171413.005661
CF_Tcu_InhCda,0,1596171413.107546
CF_Tcu_InhCda,0,1596171413.136172
CF_Tcu_InhCda,0,1596171413.226238
CF_Tcu_InhCda,0,1596171413.24673
CF_Tcu_InhCda,0,1596171413.4473472
CF_Tcu_InhCda,0,1596171413.5783172
CF_Tcu_InhCda,0,1596171413.6687882
CF_Tcu_InhCda,0,1596171413.8943732
CF_Tcu_InhCda,0,1596171413.906122
CF_Tcu_InhCda,0,1596171414.008436
CF_Tcu_InhCda,0,1596171414.0372212
CF_Tcu_InhCda,0,1596171414.1235476
CF_Tcu_InhCda,0,1596171414.209179
CF_Tcu_InhCda,0,1596171414.226043
CF_Tcu_InhCda,0,1596171414.5046024
CF_Tcu_InhCda,0,1596171414.7459278
CF_Tcu_InhCda,0,1596171414.778435
CF_Tcu_InhCda,0,1596171414.827649
CF_Tcu_InhCda,0,1596171414.8359802
CF_Tcu_InhCda,0,1596171414.8444989
CF_Tcu_InhCda,0,1596171414.8861482
CF_Tcu_InhCda,0,1596171414.909611
CF_Tcu_InhCda,0,1596171414.955128
CF_Tcu_InhCda,0,1596171415.05707
CF_Tcu_InhCda,0,1596171415.086514
CF_Tcu_InhCda,0,1596171415.0979252
CF_Tcu_InhCda,0,1596171415.106493
CF_Tcu_InhCda,0,1596171415.1758668
CF_Tcu_InhCda,0,1596171415.306901
CF_Tcu_InhCda,0,1596171415.336481
CF_Tcu_InhCda,0,1596171415.4957721
CF_Tcu_InhCda,0,1596171415.528088
CF_Tcu_InhCda,0,1596171415.5368588
CF_Tcu_InhCda,0,1596171415.6759439
CF_Tcu_InhCda,0,1596171415.6877928
CF_Tcu_InhCda,0,1596171415.728838
CF_Tcu_InhCda,0,1596171415.73706
CF_Tcu_InhCda,0,1596171415.8065279
CF_Tcu_InhCda,0,1596171415.91712
CF_Tcu_InhCda,0,1596171415.9376972
CF_Tcu_InhCda,0,1596171415.97492
CF_Tcu_InhCda,0,1596171415.986808
CF_Tcu_InhCda,0,1596171416.0769238
CF_Tcu_InhCda,0,1596171416.097363
CF_Tcu_InhCda,0,1596171416.306315
CF_Tcu_InhCda,0,1596171416.3267741
CF_Tcu_InhCda,0,1596171416.347223
CF_Tcu_InhCda,0,1596171416.5358741
CF_Tcu_InhCda,0,1596171416.5442991
CF_Tcu_InhCda,0,1596171416.5687194
CF_Tcu_InhCda,0,1596171416.5971642
CF_Tcu_InhCda,0,1596171416.666821
CF_Tcu_InhCda,0,1596171416.724446
CF_Tcu_InhCda,0,1596171416.736394
CF_Tcu_InhCda,0,1596171416.806014
CF_Tcu_InhCda,0,1596171416.998423
CF_Tcu_InhCda,0,1596171417.0682602
CF_Tcu_InhCda,0,1596171417.166471
CF_Tcu_InhCda,0,1596171417.2073529
CF_Tcu_InhCda,0,1596171417.2651806
CF_Tcu_InhCda,0,1596171417.3958242
CF_Tcu_InhCda,0,1596171417.404358
CF_Tcu_InhCda,0,1596171417.416266
CF_Tcu_InhCda,0,1596171417.486558
CF_Tcu_InhCda,0,1596171417.514893
CF_Tcu_InhCda,0,1596171417.5361578
CF_Tcu_InhCda,0,1596171417.5882769
CF_Tcu_InhCda,0,1596171417.715636
CF_Tcu_InhCda,0,1596171417.764765
CF_Tcu_InhCda,0,1596171417.805684
CF_Tcu_InhCda,0,1596171417.8548422
CF_Tcu_InhCda,0,1596171417.899467
CF_Tcu_InhCda,0,1596171417.9568439
CF_Tcu_InhCda,0,1596171417.965528
CF_Tcu_InhCda,0,1596171418.108428
CF_Tcu_InhCda,0,1596171418.116644
CF_Tcu_InhCda,0,1596171418.2271302
CF_Tcu_InhCda,0,1596171418.317446
CF_Tcu_InhCda,0,1596171418.486241
CF_Tcu_InhCda,0,1596171418.56729
CF_Tcu_InhCda,0,1596171418.6285632
CF_Tcu_InhCda,0,1596171418.7066526
CF_Tcu_InhCda,0,1596171418.7680056
CF_Tcu_InhCda,0,1596171418.788504
CF_Tcu_InhCda,0,1596171418.915432
CF_Tcu_InhCda,0,1596171418.9859786
CF_Tcu_InhCda,0,1596171419.0060189
CF_Tcu_InhCda,0,1596171419.04659
CF_Tcu_InhCda,0,1596171419.177588
CF_Tcu_InhCda,0,1596171419.275768
CF_Tcu_InhCda,0,1596171419.3658571
CF_Tcu_InhCda,0,1596171419.4440694
CF_Tcu_InhCda,0,1596171419.4560711
CF_Tcu_InhCda,0,1596171419.5546598
CF_Tcu_InhCda,0,1596171419.575232
CF_Tcu_InhCda,0,1596171419.5870678
CF_Tcu_InhCda,0,1596171419.689448
CF_Tcu_InhCda,0,1596171419.735774
CF_Tcu_InhCda,0,1596171419.8864908
CF_Tcu_InhCda,0,1596171420.0256672
CF_Tcu_InhCda,0,1596171420.0748222
CF_Tcu_InhCda,0,1596171420.10718
CF_Tcu_InhCda,0,1596171420.30784
CF_Tcu_InhCda,0,1596171420.33663
CF_Tcu_InhCda,0,1596171420.35702
CF_Tcu_InhCda,0,1596171420.447135
CF_Tcu_InhCda,0,1596171420.455364
CF_Tcu_InhCda,0,1596171420.488089
CF_Tcu_InhCda,0,1596171420.537198
CF_Tcu_InhCda,0,1596171420.856829
CF_Tcu_InhCda,0,1596171420.8659034
CF_Tcu_InhCda,0,1596171420.914582
CF_Tcu_InhCda,0,1596171421.065911
CF_Tcu_InhCda,0,1596171421.0862458
CF_Tcu_InhCda,0,1596171421.106652
CF_Tcu_InhCda,0,1596171421.18545
CF_Tcu_InhCda,0,1596171421.315548
CF_Tcu_InhCda,0,1596171421.4055989
CF_Tcu_InhCda,0,1596171421.606364
CF_Tcu_InhCda,0,1596171421.6679509
CF_Tcu_InhCda,0,1596171421.766508
CF_Tcu_InhCda,0,1596171421.7745864
CF_Tcu_InhCda,0,1596171422.044868
CF_Tcu_InhCda,0,1596171422.196066
CF_Tcu_InhCda,0,1596171422.2165482
CF_Tcu_InhCda,0,1596171422.277952
CF_Tcu_InhCda,0,1596171422.417398
CF_Tcu_InhCda,0,1596171422.437858
CF_Tcu_InhCda,0,1596171422.507215
CF_Tcu_InhCda,0,1596171422.667514
CF_Tcu_InhCda,0,1596171422.7249188
CF_Tcu_InhCda,0,1596171422.736693
CF_Tcu_InhCda,0,1596171422.757215
CF_Tcu_InhCda,0,1596171422.836061
CF_Tcu_InhCda,0,1596171422.8679779
CF_Tcu_InhCda,0,1596171422.8759649
CF_Tcu_InhCda,0,1596171422.888368
CF_Tcu_InhCda,0,1596171422.925431
CF_Tcu_InhCda,0,1596171422.9782348
CF_Tcu_InhCda,0,1596171423.068726
CF_Tcu_InhCda,0,1596171423.175585
CF_Tcu_InhCda,0,1596171423.187212
CF_Tcu_InhCda,0,1596171423.375668
CF_Tcu_InhCda,0,1596171423.4251
CF_Tcu_InhCda,0,1596171423.487181
CF_Tcu_InhCda,0,1596171423.588661
CF_Tcu_InhCda,0,1596171423.59685
CF_Tcu_InhCda,0,1596171423.686909
CF_Tcu_InhCda,0,1596171423.768856
CF_Tcu_InhCda,0,1596171423.965467
CF_Tcu_InhCda,0,1596171423.986021
CF_Tcu_InhCda,0,1596171424.0267851
CF_Tcu_InhCda,0,1596171424.035813
CF_Tcu_InhCda,0,1596171424.1374662
CF_Tcu_InhCda,0,1596171424.1661649
CF_Tcu_InhCda,0,1596171424.286453
CF_Tcu_InhCda,0,1596171424.367599
CF_Tcu_InhCda,0,1596171424.3791842
CF_Tcu_InhCda,0,1596171424.445086
CF_Tcu_InhCda,0,1596171424.477399
CF_Tcu_InhCda,0,1596171424.6662982
CF_Tcu_InhCda,0,1596171424.875244
CF_Tcu_InhCda,0,1596171424.895593
CF_Tcu_InhCda,0,1596171424.9362812
CF_Tcu_InhCda,0,1596171425.035455
CF_Tcu_InhCda,0,1596171425.075758
CF_Tcu_InhCda,0,1596171425.087736
CF_Tcu_InhCda,0,1596171425.226894
CF_Tcu_InhCda,0,1596171425.25597
CF_Tcu_InhCda,0,1596171425.2681131
CF_Tcu_InhCda,0,1596171425.317211
CF_Tcu_InhCda,0,1596171425.444427
CF_Tcu_InhCda,0,1596171425.575457
CF_Tcu_InhCda,0,1596171425.68612
CF_Tcu_InhCda,0,1596171425.7556741
CF_Tcu_InhCda,0,1596171425.767753
CF_Tcu_InhCda,0,1596171425.775815
CF_Tcu_InhCda,0,1596171426.06685
CF_Tcu_InhCda,0,1596171426.107496
CF_Tcu_InhCda,0,1596171426.16895
CF_Tcu_InhCda,0,1596171426.238646
CF_Tcu_InhCda,0,1596171426.295992
CF_Tcu_InhCda,0,1596171426.37777
CF_Tcu_InhCda,0,1596171426.406546
CF_Tcu_InhCda,0,1596171426.44754
CF_Tcu_InhCda,0,1596171426.676929
CF_Tcu_InhCda,0,1596171426.697247
CF_Tcu_InhCda,0,1596171426.758743
CF_Tcu_InhCda,0,1596171426.8366132
CF_Tcu_InhCda,0,1596171427.037338
CF_Tcu_InhCda,0,1596171427.0663269
CF_Tcu_InhCda,0,1596171427.1765409
CF_Tcu_InhCda,0,1596171427.2550461
CF_Tcu_InhCda,0,1596171427.438734
CF_Tcu_InhCda,0,1596171427.516526
CF_Tcu_InhCda,0,1596171427.636376
CF_Tcu_InhCda,0,1596171427.6474502
CF_Tcu_InhCda,0,1596171427.6557386
CF_Tcu_InhCda,0,1596171427.70557
CF_Tcu_InhCda,0,1596171427.946556
CF_Tcu_InhCda,0,1596171428.057097
CF_Tcu_InhCda,0,1596171428.077636
CF_Tcu_InhCda,0,1596171428.176008
CF_Tcu_InhCda,0,1596171428.2748
CF_Tcu_InhCda,0,1596171428.397063
CF_Tcu_InhCda,0,1596171428.437994
CF_Tcu_InhCda,0,1596171428.4836972
CF_Tcu_InhCda,0,1596171428.6268132
CF_Tcu_InhCda,0,1596171428.745315
CF_Tcu_InhCda,0,1596171428.7779481
CF_Tcu_InhCda,0,1596171428.794795
CF_Tcu_InhCda,0,1596171428.806602
CF_Tcu_InhCda,0,1596171428.8475788
CF_Tcu_InhCda,0,1596171428.929517
CF_Tcu_InhCda,0,1596171428.9377868
CF_Tcu_InhCda,0,1596171429.015908
CF_Tcu_InhCda,0,1596171429.208074
CF_Tcu_InhCda,0,1596171429.2571099
CF_Tcu_InhCda,0,1596171429.3149939
CF_Tcu_InhCda,0,1596171429.429255
CF_Tcu_InhCda,0,1596171429.4542286
CF_Tcu_InhCda,0,1596171429.50703
CF_Tcu_InhCda,0,1596171429.6467366
CF_Tcu_InhCda,0,1596171429.736507
CF_Tcu_InhCda,0,1596171429.7654939
CF_Tcu_InhCda,0,1596171429.830519
CF_Tcu_InhCda,0,1596171430.036012
CF_Tcu_InhCda,0,1596171430.0684412
CF_Tcu_InhCda,0,1596171430.0886462
CF_Tcu_InhCda,0,1596171430.1056788
CF_Tcu_InhCda,0,1596171430.207402
CF_Tcu_InhCda,0,1596171430.216109
CF_Tcu_InhCda,0,1596171430.395869
CF_Tcu_InhCda,0,1596171430.4080708
CF_Tcu_InhCda,0,1596171430.436726
CF_Tcu_InhCda,0,1596171430.494526
CF_Tcu_InhCda,0,1596171430.5473466
CF_Tcu_InhCda,0,1596171430.654343
CF_Tcu_InhCda,0,1596171430.666244
CF_Tcu_InhCda,0,1596171430.756551
CF_Tcu_InhCda,0,1596171430.817854
CF_Tcu_InhCda,0,1596171430.895642
CF_Tcu_InhCda,0,1596171430.915966
CF_Tcu_InhCda,0,1596171430.928226
CF_Tcu_InhCda,0,1596171430.936516
CF_Tcu_InhCda,0,1596171430.945076
CF_Tcu_InhCda,0,1596171430.997848
CF_Tcu_InhCda,0,1596171431.047102
CF_Tcu_InhCda,0,1596171431.096273
CF_Tcu_InhCda,0,1596171431.116878
CF_Tcu_InhCda,0,1596171431.366585
CF_Tcu_InhCda,0,1596171431.387018
CF_Tcu_InhCda,0,1596171431.415798
CF_Tcu_InhCda,0,1596171431.5384588
CF_Tcu_InhCda,0,1596171431.657331
CF_Tcu_InhCda,0,1596171431.706557
CF_Tcu_InhCda,0,1596171431.736167
CF_Tcu_InhCda,0,1596171431.907109
CF_Tcu_InhCda,0,1596171431.936005
CF_Tcu_InhCda,0,1596171432.0875711
CF_Tcu_InhCda,0,1596171432.12467
CF_Tcu_InhCda,0,1596171432.210233
CF_Tcu_InhCda,0,1596171432.247106
CF_Tcu_InhCda,0,1596171432.288102
CF_Tcu_InhCda,0,1596171432.357717
CF_Tcu_InhCda,0,1596171432.394904
CF_Tcu_InhCda,0,1596171432.406754
CF_Tcu_InhCda,0,1596171432.415484
CF_Tcu_InhCda,0,1596171432.435831
CF_Tcu_InhCda,0,1596171432.546299
CF_Tcu_InhCda,0,1596171432.685623
CF_Tcu_InhCda,0,1596171432.705945
CF_Tcu_InhCda,0,1596171432.7468731
CF_Tcu_InhCda,0,1596171432.877824
CF_Tcu_InhCda,0,1596171432.947542
CF_Tcu_InhCda,0,1596171432.996641
CF_Tcu_InhCda,0,1596171433.144674
CF_Tcu_InhCda,0,1596171433.205877
CF_Tcu_InhCda,0,1596171433.2840626
CF_Tcu_InhCda,0,1596171433.324727
CF_Tcu_InhCda,0,1596171433.365309
CF_Tcu_InhCda,0,1596171433.41486
CF_Tcu_InhCda,0,1596171433.606951
CF_Tcu_InhCda,0,1596171433.647812
CF_Tcu_InhCda,0,1596171433.6561852
CF_Tcu_InhCda,0,1596171433.725759
CF_Tcu_InhCda,0,1596171433.7463748
CF_Tcu_InhCda,0,1596171433.7667642
CF_Tcu_InhCda,0,1596171433.856774
CF_Tcu_InhCda,0,1596171433.9064062
CF_Tcu_InhCda,0,1596171433.9965296
CF_Tcu_InhCda,0,1596171434.0575118
CF_Tcu_InhCda,0,1596171434.1558342
CF_Tcu_InhCda,0,1596171434.2259722
CF_Tcu_InhCda,0,1596171434.344779
CF_Tcu_InhCda,0,1596171434.4261
CF_Tcu_InhCda,0,1596171434.435366
CF_Tcu_InhCda,0,1596171434.467316
CF_Tcu_InhCda,0,1596171434.475626
CF_Tcu_InhCda,0,1596171434.573908
CF_Tcu_InhCda,0,1596171434.7950752
CF_Tcu_InhCda,0,1596171434.8858054
CF_Tcu_InhCda,0,1596171435.0978632
CF_Tcu_InhCda,0,1596171435.1063528
CF_Tcu_InhCda,0,1596171435.405552
CF_Tcu_InhCda,0,1596171435.4175072
CF_Tcu_InhCda,0,1596171435.487447
CF_Tcu_InhCda,0,1596171435.5565162
CF_Tcu_InhCda,0,1596171435.7080722
CF_Tcu_InhCda,0,1596171435.736747
CF_Tcu_InhCda,0,1596171435.765791
CF_Tcu_InhCda,0,1596171436.007075
CF_Tcu_InhCda,0,1596171436.044492
CF_Tcu_InhCda,0,1596171436.0860536
CF_Tcu_InhCda,0,1596171436.126186
CF_Tcu_InhCda,0,1596171436.187294
CF_Tcu_InhCda,0,1596171436.367682
CF_Tcu_InhCda,0,1596171436.445483
CF_Tcu_InhCda,0,1596171436.486298
CF_Tcu_InhCda,0,1596171436.49488
CF_Tcu_InhCda,0,1596171436.609184
CF_Tcu_InhCda,0,1596171436.965915
CF_Tcu_InhCda,0,1596171437.1869106
CF_Tcu_InhCda,0,1596171437.256278
CF_Tcu_InhCda,0,1596171437.264919
CF_Tcu_InhCda,0,1596171437.28562
CF_Tcu_InhCda,0,1596171437.305569
CF_Tcu_InhCda,0,1596171437.4978788
CF_Tcu_InhCda,0,1596171437.866975
CF_Tcu_InhCda,0,1596171437.965385
CF_Tcu_InhCda,0,1596171438.005908
CF_Tcu_InhCda,0,1596171438.075833
CF_Tcu_InhCda,0,1596171438.087837
CF_Tcu_InhCda,0,1596171438.177804
CF_Tcu_InhCda,0,1596171438.186193
CF_Tcu_InhCda,0,1596171438.1947641
CF_Tcu_InhCda,0,1596171438.206496
CF_Tcu_InhCda,0,1596171438.296725
CF_Tcu_InhCda,0,1596171438.305172
CF_Tcu_InhCda,0,1596171438.366815
CF_Tcu_InhCda,0,1596171438.378526
CF_Tcu_InhCda,0,1596171438.4360359
CF_Tcu_InhCda,0,1596171438.4564831
CF_Tcu_InhCda,0,1596171438.506009
CF_Tcu_InhCda,0,1596171438.535139
CF_Tcu_InhCda,0,1596171438.555119
CF_Tcu_InhCda,0,1596171438.5671089
CF_Tcu_InhCda,0,1596171438.575577
CF_Tcu_InhCda,0,1596171438.736204
CF_Tcu_InhCda,0,1596171438.964619
CF_Tcu_InhCda,0,1596171438.9765089
CF_Tcu_InhCda,0,1596171439.0378802
CF_Tcu_InhCda,0,1596171439.046274
CF_Tcu_InhCda,0,1596171439.066894
CF_Tcu_InhCda,0,1596171439.144907
CF_Tcu_InhCda,0,1596171439.1976588
CF_Tcu_InhCda,0,1596171439.2961864
CF_Tcu_InhCda,0,1596171439.337019
CF_Tcu_InhCda,0,1596171439.3574529
CF_Tcu_InhCda,0,1596171439.386189
CF_Tcu_InhCda,0,1596171439.426996
CF_Tcu_InhCda,0,1596171439.4558232
CF_Tcu_InhCda,0,1596171439.4854019
CF_Tcu_InhCda,0,1596171439.574948
CF_Tcu_InhCda,0,1596171439.586966
CF_Tcu_InhCda,0,1596171439.68612
CF_Tcu_InhCda,0,1596171439.6974132
CF_Tcu_InhCda,0,1596171439.705618
CF_Tcu_InhCda,0,1596171439.787515
CF_Tcu_InhCda,0,1596171439.7959714
CF_Tcu_InhCda,0,1596171439.8571038
CF_Tcu_InhCda,0,1596171439.865762
CF_Tcu_InhCda,0,1596171439.8776321
CF_Tcu_InhCda,0,1596171440.004961
CF_Tcu_InhCda,0,1596171440.0660849
CF_Tcu_InhCda,0,1596171440.1363919
CF_Tcu_InhCda,0,1596171440.164861
CF_Tcu_InhCda,0,1596171440.205665
CF_Tcu_InhCda,0,1596171440.307589
CF_Tcu_InhCda,0,1596171440.3567321
CF_Tcu_InhCda,0,1596171440.3772461
CF_Tcu_InhCda,0,1596171440.455504
CF_Tcu_InhCda,0,1596171440.467641
CF_Tcu_InhCda,0,1596171440.5252109
CF_Tcu_InhCda,0,1596171440.545748
CF_Tcu_InhCda,0,1596171440.565826
CF_Tcu_InhCda,0,1596171440.574547
CF_Tcu_InhCda,0,1596171440.7379
CF_Tcu_InhCda,0,1596171440.7583294
CF_Tcu_InhCda,0,1596171440.786999
CF_Tcu_InhCda,0,1596171440.8361359
CF_Tcu_InhCda,0,1596171440.893805
CF_Tcu_InhCda,0,1596171440.918315
CF_Tcu_InhCda,0,1596171440.936199
CF_Tcu_InhCda,0,1596171440.995938
CF_Tcu_InhCda,0,1596171441.1760044
CF_Tcu_InhCda,0,1596171441.185367
CF_Tcu_InhCda,0,1596171441.196464
CF_Tcu_InhCda,0,1596171441.217185
CF_Tcu_InhCda,0,1596171441.274703
CF_Tcu_InhCda,0,1596171441.3562694
CF_Tcu_InhCda,0,1596171441.3687859
CF_Tcu_InhCda,0,1596171441.388952
CF_Tcu_InhCda,0,1596171441.405664
CF_Tcu_InhCda,0,1596171441.417871
CF_Tcu_InhCda,0,1596171441.425869
CF_Tcu_InhCda,0,1596171441.626543
CF_Tcu_InhCda,0,1596171441.638845
CF_Tcu_InhCda,0,1596171441.6676962
CF_Tcu_InhCda,0,1596171441.778023
CF_Tcu_InhCda,0,1596171441.7949288
CF_Tcu_InhCda,0,1596171441.958271
CF_Tcu_InhCda,0,1596171441.9668472
CF_Tcu_InhCda,0,1596171441.9871118
CF_Tcu_InhCda,0,1596171442.0076141
CF_Tcu_InhCda,0,1596171442.02444
CF_Tcu_InhCda,0,1596171442.086503
CF_Tcu_InhCda,0,1596171442.10574
CF_Tcu_InhCda,0,1596171442.126264
CF_Tcu_InhCda,0,1596171442.1958618
CF_Tcu_InhCda,0,1596171442.236902
CF_Tcu_InhCda,0,1596171442.2655401
CF_Tcu_InhCda,0,1596171442.335692
CF_Tcu_InhCda,0,1596171442.3642619
CF_Tcu_InhCda,0,1596171442.544414
CF_Tcu_InhCda,0,1596171442.585881
CF_Tcu_InhCda,0,1596171442.6258779
CF_Tcu_InhCda,0,1596171442.8559198
CF_Tcu_InhCda,0,1596171442.885066
CF_Tcu_InhCda,0,1596171442.966229
CF_Tcu_InhCda,0,1596171442.986783
CF_Tcu_InhCda,0,1596171443.0645518
CF_Tcu_InhCda,0,1596171443.224452
CF_Tcu_InhCda,0,1596171443.265418
CF_Tcu_InhCda,0,1596171443.416554
CF_Tcu_InhCda,0,1596171443.425148
CF_Tcu_InhCda,0,1596171443.474252
CF_Tcu_InhCda,0,1596171443.539283
CF_Tcu_InhCda,0,1596171443.666286
CF_Tcu_InhCda,0,1596171443.7154171
CF_Tcu_InhCda,0,1596171443.7445364
CF_Tcu_InhCda,0,1596171443.756408
CF_Tcu_InhCda,0,1596171443.817983
CF_Tcu_InhCda,0,1596171443.87543
CF_Tcu_InhCda,0,1596171443.9247198
CF_Tcu_InhCda,0,1596171443.9366322
CF_Tcu_InhCda,0,1596171443.9858394
CF_Tcu_InhCda,0,1596171444.026648
CF_Tcu_InhCda,0,1596171444.07595
CF_Tcu_InhCda,0,1596171444.117075
CF_Tcu_InhCda,0,1596171444.137385
CF_Tcu_InhCda,0,1596171444.1576178
CF_Tcu_InhCda,0,1596171444.1949792
CF_Tcu_InhCda,0,1596171444.346335
CF_Tcu_InhCda,0,1596171444.395403
CF_Tcu_InhCda,0,1596171444.415942
CF_Tcu_InhCda,0,1596171444.436884
CF_Tcu_InhCda,0,1596171444.4976132
CF_Tcu_InhCda,0,1596171444.645642
CF_Tcu_InhCda,0,1596171444.657527
CF_Tcu_InhCda,0,1596171444.764365
CF_Tcu_InhCda,0,1596171444.976901
CF_Tcu_InhCda,0,1596171445.0264199
CF_Tcu_InhCda,0,1596171445.0465279
CF_Tcu_InhCda,0,1596171445.236067
CF_Tcu_InhCda,0,1596171445.3050828
CF_Tcu_InhCda,0,1596171445.43583
CF_Tcu_InhCda,0,1596171445.48571
CF_Tcu_InhCda,0,1596171445.526273
CF_Tcu_InhCda,0,1596171445.624596
CF_Tcu_InhCda,0,1596171445.7185118
CF_Tcu_InhCda,0,1596171445.9272099
CF_Tcu_InhCda,0,1596171446.1364481
CF_Tcu_InhCda,0,1596171446.165144
CF_Tcu_InhCda,0,1596171446.205751
CF_Tcu_InhCda,0,1596171446.426924
CF_Tcu_InhCda,0,1596171446.557874
CF_Tcu_InhCda,0,1596171446.644403
CF_Tcu_InhCda,0,1596171446.664781
CF_Tcu_InhCda,0,1596171446.7353811
CF_Tcu_InhCda,0,1596171446.767201
CF_Tcu_InhCda,0,1596171446.787683
CF_Tcu_InhCda,0,1596171446.795674
CF_Tcu_InhCda,0,1596171446.856939
CF_Tcu_InhCda,0,1596171446.906017
CF_Tcu_InhCda,0,1596171446.9961524
CF_Tcu_InhCda,0,1596171447.0744472
CF_Tcu_InhCda,0,1596171447.086297
CF_Tcu_InhCda,0,1596171447.1153321
CF_Tcu_InhCda,0,1596171447.234803
CF_Tcu_InhCda,0,1596171447.2835948
CF_Tcu_InhCda,0,1596171447.3074
CF_Tcu_InhCda,0,1596171447.435435
CF_Tcu_InhCda,0,1596171447.446739
CF_Tcu_InhCda,0,1596171447.594552
CF_Tcu_InhCda,0,1596171447.606381
CF_Tcu_InhCda,0,1596171447.627501
CF_Tcu_InhCda,0,1596171447.757849
CF_Tcu_InhCda,0,1596171447.926416
CF_Tcu_InhCda,0,1596171447.946411
CF_Tcu_InhCda,0,1596171448.0041401
CF_Tcu_InhCda,0,1596171448.175765
CF_Tcu_InhCda,0,1596171448.216898
CF_Tcu_InhCda,0,1596171448.225322
CF_Tcu_InhCda,0,1596171448.2575278
CF_Tcu_InhCda,0,1596171448.327289
CF_Tcu_InhCda,0,1596171448.356042
CF_Tcu_InhCda,0,1596171448.4380019
CF_Tcu_InhCda,0,1596171448.4957492
CF_Tcu_InhCda,0,1596171448.507454
CF_Tcu_InhCda,0,1596171448.527926
CF_Tcu_InhCda,0,1596171448.585613
CF_Tcu_InhCda,0,1596171448.614361
CF_Tcu_InhCda,0,1596171448.716588
CF_Tcu_InhCda,0,1596171448.806591
CF_Tcu_InhCda,0,1596171448.908854
CF_Tcu_InhCda,0,1596171448.986897
CF_Tcu_InhCda,0,1596171448.99539
CF_Tcu_InhCda,0,1596171449.1264582
CF_Tcu_InhCda,0,1596171449.167181
CF_Tcu_InhCda,0,1596171449.207815
CF_Tcu_InhCda,0,1596171449.3266811
CF_Tcu_InhCda,0,1596171449.3678222
CF_Tcu_InhCda,0,1596171449.404921
CF_Tcu_InhCda,0,1596171449.416976
CF_Tcu_InhCda,0,1596171449.4949188
CF_Tcu_InhCda,0,1596171449.5074801
CF_Tcu_InhCda,0,1596171449.556059
CF_Tcu_InhCda,0,1596171449.617878
CF_Tcu_InhCda,0,1596171449.637856
CF_Tcu_InhCda,0,1596171449.695812
CF_Tcu_InhCda,0,1596171449.7280798
CF_Tcu_InhCda,0,1596171449.797618
CF_Tcu_InhCda,0,1596171449.806164
CF_Tcu_InhCda,0,1596171449.8355992
CF_Tcu_InhCda,0,1596171449.8847961
CF_Tcu_InhCda,0,1596171450.027173
CF_Tcu_InhCda,0,1596171450.108883
CF_Tcu_InhCda,0,1596171450.154573
CF_Tcu_InhCda,0,1596171450.20725
CF_Tcu_InhCda,0,1596171450.30625
CF_Tcu_InhCda,0,1596171450.5360024
CF_Tcu_InhCda,0,1596171450.866792
CF_Tcu_InhCda,0,1596171450.8754828
CF_Tcu_InhCda,0,1596171450.887288
CF_Tcu_InhCda,0,1596171450.924452
CF_Tcu_InhCda,0,1596171450.9364
CF_Tcu_InhCda,0,1596171450.969128
CF_Tcu_InhCda,0,1596171450.9857962
CF_Tcu_InhCda,0,1596171451.3750222
CF_Tcu_InhCda,0,1596171451.3868392
CF_Tcu_InhCda,0,1596171451.505976
CF_Tcu_InhCda,0,1596171451.587703
CF_Tcu_InhCda,0,1596171451.6043258
CF_Tcu_InhCda,0,1596171451.616472
CF_Tcu_InhCda,0,1596171451.7964132
CF_Tcu_InhCda,0,1596171451.805347
CF_Tcu_InhCda,0,1596171451.857743
CF_Tcu_InhCda,0,1596171451.866153
CF_Tcu_InhCda,0,1596171451.895189
CF_Tcu_InhCda,0,1596171451.9358141
CF_Tcu_InhCda,0,1596171452.025738
CF_Tcu_InhCda,0,1596171452.1569998
CF_Tcu_InhCda,0,1596171452.189594
CF_Tcu_InhCda,0,1596171452.1941812
CF_Tcu_InhCda,0,1596171452.2265232
CF_Tcu_InhCda,0,1596171452.2961562
CF_Tcu_InhCda,0,1596171452.386302
CF_Tcu_InhCda,0,1596171452.4762702
CF_Tcu_InhCda,0,1596171452.52553
CF_Tcu_InhCda,0,1596171452.676974
CF_Tcu_InhCda,0,1596171452.6857624
CF_Tcu_InhCda,0,1596171452.6973991
CF_Tcu_InhCda,0,1596171452.706229
CF_Tcu_InhCda,0,1596171452.726487
CF_Tcu_InhCda,0,1596171452.8164742
CF_Tcu_InhCda,0,1596171452.956012
CF_Tcu_InhCda,0,1596171452.996494
CF_Tcu_InhCda,0,1596171453.107206
CF_Tcu_InhCda,0,1596171453.2350461
CF_Tcu_InhCda,0,1596171453.275142
CF_Tcu_InhCda,0,1596171453.2872849
CF_Tcu_InhCda,0,1596171453.3283124
CF_Tcu_InhCda,0,1596171453.336603
CF_Tcu_InhCda,0,1596171453.377396
CF_Tcu_InhCda,0,1596171453.40614
CF_Tcu_InhCda,0,1596171453.4470556
CF_Tcu_InhCda,0,1596171453.586733
CF_Tcu_InhCda,0,1596171453.606703
CF_Tcu_InhCda,0,1596171453.6684954
CF_Tcu_InhCda,0,1596171453.737816
CF_Tcu_InhCda,0,1596171453.85669
CF_Tcu_InhCda,0,1596171453.905864
CF_Tcu_InhCda,0,1596171453.9183302
CF_Tcu_InhCda,0,1596171453.926346
CF_Tcu_InhCda,0,1596171454.0286741
CF_Tcu_InhCda,0,1596171454.168226
CF_Tcu_InhCda,0,1596171454.1883578
CF_Tcu_InhCda,0,1596171454.1965508
CF_Tcu_InhCda,0,1596171454.2458172
CF_Tcu_InhCda,0,1596171454.295462
CF_Tcu_InhCda,0,1596171454.348012
CF_Tcu_InhCda,0,1596171454.426047
CF_Tcu_InhCda,0,1596171454.4586284
CF_Tcu_InhCda,0,1596171454.4751651
CF_Tcu_InhCda,0,1596171454.4875321
CF_Tcu_InhCda,0,1596171454.577528
CF_Tcu_InhCda,0,1596171454.737259
CF_Tcu_InhCda,0,1596171454.786409
CF_Tcu_InhCda,0,1596171454.815138
CF_Tcu_InhCda,0,1596171454.896993
CF_Tcu_InhCda,0,1596171454.905733
CF_Tcu_InhCda,0,1596171454.9176948
CF_Tcu_InhCda,0,1596171455.0894618
CF_Tcu_InhCda,0,1596171455.093934
CF_Tcu_InhCda,0,1596171455.1058738
CF_Tcu_InhCda,0,1596171455.168306
CF_Tcu_InhCda,0,1596171455.3884199
CF_Tcu_InhCda,0,1596171455.417162
CF_Tcu_InhCda,0,1596171455.4544358
CF_Tcu_InhCda,0,1596171455.470378
CF_Tcu_InhCda,0,1596171455.515459
CF_Tcu_InhCda,0,1596171455.544468
CF_Tcu_InhCda,0,1596171455.5563142
CF_Tcu_InhCda,0,1596171455.6260624
CF_Tcu_InhCda,0,1596171455.687621
CF_Tcu_InhCda,0,1596171455.707794
CF_Tcu_InhCda,0,1596171455.72841
CF_Tcu_InhCda,0,1596171455.7657552
CF_Tcu_InhCda,0,1596171455.7858179
CF_Tcu_InhCda,0,1596171455.885087
CF_Tcu_InhCda,0,1596171455.957686
CF_Tcu_InhCda,0,1596171455.9660509
CF_Tcu_InhCda,0,1596171455.978294
CF_Tcu_InhCda,0,1596171455.987052
CF_Tcu_InhCda,0,1596171456.068502
CF_Tcu_InhCda,0,1596171456.097049
CF_Tcu_InhCda,0,1596171456.10591
CF_Tcu_InhCda,0,1596171456.1257188
CF_Tcu_InhCda,0,1596171456.207565
CF_Tcu_InhCda,0,1596171456.236379
CF_Tcu_InhCda,0,1596171456.3145812
CF_Tcu_InhCda,0,1596171456.408233
CF_Tcu_InhCda,0,1596171456.515179
CF_Tcu_InhCda,0,1596171456.536226
CF_Tcu_InhCda,0,1596171456.576283
CF_Tcu_InhCda,0,1596171456.5852768
CF_Tcu_InhCda,0,1596171456.6052551
CF_Tcu_InhCda,0,1596171456.695516
CF_Tcu_InhCda,0,1596171456.744511
CF_Tcu_InhCda,0,1596171456.867341
CF_Tcu_InhCda,0,1596171456.875817
CF_Tcu_InhCda,0,1596171457.006238
CF_Tcu_InhCda,0,1596171457.0148852
CF_Tcu_InhCda,0,1596171457.075953
CF_Tcu_InhCda,0,1596171457.1049821
CF_Tcu_InhCda,0,1596171457.157747
CF_Tcu_InhCda,0,1596171457.1865811
CF_Tcu_InhCda,0,1596171457.256226
CF_Tcu_InhCda,0,1596171457.317759
CF_Tcu_InhCda,0,1596171457.335216
CF_Tcu_InhCda,0,1596171457.436331
CF_Tcu_InhCda,0,1596171457.456884
CF_Tcu_InhCda,0,1596171457.465631
CF_Tcu_InhCda,0,1596171457.489703
CF_Tcu_InhCda,0,1596171457.4941359
CF_Tcu_InhCda,0,1596171457.506068
CF_Tcu_InhCda,0,1596171457.5264974
CF_Tcu_InhCda,0,1596171457.559234
CF_Tcu_InhCda,0,1596171457.5961142
CF_Tcu_InhCda,0,1596171457.735808
CF_Tcu_InhCda,0,1596171457.7763631
CF_Tcu_InhCda,0,1596171457.837718
CF_Tcu_InhCda,0,1596171457.8581738
CF_Tcu_InhCda,0,1596171457.977014
CF_Tcu_InhCda,0,1596171458.055207
CF_Tcu_InhCda,0,1596171458.067359
CF_Tcu_InhCda,0,1596171458.075777
CF_Tcu_InhCda,0,1596171458.08766
CF_Tcu_InhCda,0,1596171458.108031
CF_Tcu_InhCda,0,1596171458.1285946
CF_Tcu_InhCda,0,1596171458.1454961
CF_Tcu_InhCda,0,1596171458.157266
CF_Tcu_InhCda,0,1596171458.2150028
CF_Tcu_InhCda,0,1596171458.2555149
CF_Tcu_InhCda,0,1596171458.386625
CF_Tcu_InhCda,0,1596171458.456532
CF_Tcu_InhCda,0,1596171458.4767392
CF_Tcu_InhCda,0,1596171458.485993
CF_Tcu_InhCda,0,1596171458.53534
CF_Tcu_InhCda,0,1596171458.5754726
CF_Tcu_InhCda,0,1596171458.645138
CF_Tcu_InhCda,0,1596171458.7592561
CF_Tcu_InhCda,0,1596171458.90678
CF_Tcu_InhCda,0,1596171458.935812
CF_Tcu_InhCda,0,1596171458.985125
CF_Tcu_InhCda,0,1596171458.99685
CF_Tcu_InhCda,0,1596171459.0750554
CF_Tcu_InhCda,0,1596171459.156554
CF_Tcu_InhCda,0,1596171459.238544
CF_Tcu_InhCda,0,1596171459.258875
CF_Tcu_InhCda,0,1596171459.386029
CF_Tcu_InhCda,0,1596171459.4556
CF_Tcu_InhCda,0,1596171459.4761062
CF_Tcu_InhCda,0,1596171459.496514
CF_Tcu_InhCda,0,1596171459.914724
CF_Tcu_InhCda,0,1596171459.938949
CF_Tcu_InhCda,0,1596171459.975759
CF_Tcu_InhCda,0,1596171460.037216
CF_Tcu_InhCda,0,1596171460.074464
CF_Tcu_InhCda,0,1596171460.2869911
CF_Tcu_InhCda,0,1596171460.3770714
CF_Tcu_InhCda,0,1596171460.446698
CF_Tcu_InhCda,0,1596171460.504276
CF_Tcu_InhCda,0,1596171460.5250518
CF_Tcu_InhCda,0,1596171460.537001
CF_Tcu_InhCda,0,1596171460.557312
CF_Tcu_InhCda,0,1596171460.758069
CF_Tcu_InhCda,0,1596171460.774822
CF_Tcu_InhCda,0,1596171460.786818
CF_Tcu_InhCda,0,1596171460.8649466
CF_Tcu_InhCda,0,1596171460.9550886
CF_Tcu_InhCda,0,1596171461.126581
CF_Tcu_InhCda,0,1596171461.185133
CF_Tcu_InhCda,0,1596171461.196291
CF_Tcu_InhCda,0,1596171461.3356152
CF_Tcu_InhCda,0,1596171461.4260929
CF_Tcu_InhCda,0,1596171461.495413
CF_Tcu_InhCda,0,1596171461.5566
CF_Tcu_InhCda,0,1596171461.6385546
CF_Tcu_InhCda,0,1596171461.7166061
CF_Tcu_InhCda,0,1596171461.925347
CF_Tcu_InhCda,0,1596171462.027873
CF_Tcu_InhCda,0,1596171462.035992
CF_Tcu_InhCda,0,1596171462.138371
CF_Tcu_InhCda,0,1596171462.2162614
CF_Tcu_InhCda,0,1596171462.236856
CF_Tcu_InhCda,0,1596171462.364204
CF_Tcu_InhCda,0,1596171462.375996
CF_Tcu_InhCda,0,1596171462.4341812
CF_Tcu_InhCda,0,1596171462.466165
CF_Tcu_InhCda,0,1596171462.507067
CF_Tcu_InhCda,0,1596171462.6351318
CF_Tcu_InhCda,0,1596171462.7445161
CF_Tcu_InhCda,0,1596171462.867666
CF_Tcu_InhCda,0,1596171462.887881
CF_Tcu_InhCda,0,1596171463.0066268
CF_Tcu_InhCda,0,1596171463.096713
CF_Tcu_InhCda,0,1596171463.1052802
CF_Tcu_InhCda,0,1596171463.117481
CF_Tcu_InhCda,0,1596171463.137852
CF_Tcu_InhCda,0,1596171463.1951704
CF_Tcu_InhCda,0,1596171463.396259
CF_Tcu_InhCda,0,1596171463.4079618
CF_Tcu_InhCda,0,1596171463.485992
CF_Tcu_InhCda,0,1596171463.535764
CF_Tcu_InhCda,0,1596171463.568065
CF_Tcu_InhCda,0,1596171463.7070081
CF_Tcu_InhCda,0,1596171463.727537
CF_Tcu_InhCda,0,1596171463.7361948
CF_Tcu_InhCda,0,1596171463.8380966
CF_Tcu_InhCda,0,1596171463.895585
CF_Tcu_InhCda,0,1596171464.108521
CF_Tcu_InhCda,0,1596171464.1453626
CF_Tcu_InhCda,0,1596171464.2644901
CF_Tcu_InhCda,0,1596171464.325557
CF_Tcu_InhCda,0,1596171464.374691
CF_Tcu_InhCda,0,1596171464.5876741
CF_Tcu_InhCda,0,1596171464.596287
CF_Tcu_InhCda,0,1596171464.608145
CF_Tcu_InhCda,0,1596171464.6660204
CF_Tcu_InhCda,0,1596171464.7556882
CF_Tcu_InhCda,0,1596171464.796471
CF_Tcu_InhCda,0,1596171464.886673
CF_Tcu_InhCda,0,1596171464.90705
CF_Tcu_InhCda,0,1596171464.997237
CF_Tcu_InhCda,0,1596171465.005686
CF_Tcu_InhCda,0,1596171465.035221
CF_Tcu_InhCda,0,1596171465.1162279
CF_Tcu_InhCda,0,1596171465.1364741
CF_Tcu_InhCda,0,1596171465.185756
CF_Tcu_InhCda,0,1596171465.20634
CF_Tcu_InhCda,0,1596171465.267793
CF_Tcu_InhCda,0,1596171465.3084369
CF_Tcu_InhCda,0,1596171465.505713
CF_Tcu_InhCda,0,1596171465.517586
CF_Tcu_InhCda,0,1596171465.529639
CF_Tcu_InhCda,0,1596171465.608109
CF_Tcu_InhCda,0,1596171465.6158476
CF_Tcu_InhCda,0,1596171465.7959301
CF_Tcu_InhCda,0,1596171465.8286872
CF_Tcu_InhCda,0,1596171465.845728
CF_Tcu_InhCda,0,1596171465.95565
CF_Tcu_InhCda,0,1596171466.0867672
CF_Tcu_InhCda,0,1596171466.095446
CF_Tcu_InhCda,0,1596171466.107174
CF_Tcu_InhCda,0,1596171466.127718
CF_Tcu_InhCda,0,1596171466.13605
CF_Tcu_InhCda,0,1596171466.156369
CF_Tcu_InhCda,0,1596171466.197275
CF_Tcu_InhCda,0,1596171466.2180731
CF_Tcu_InhCda,0,1596171466.3365526
CF_Tcu_InhCda,0,1596171466.377483
CF_Tcu_InhCda,0,1596171466.3857944
CF_Tcu_InhCda,0,1596171466.4266472
CF_Tcu_InhCda,0,1596171466.615411
CF_Tcu_InhCda,0,1596171466.627365
CF_Tcu_InhCda,0,1596171466.6477704
CF_Tcu_InhCda,0,1596171466.7257302
CF_Tcu_InhCda,0,1596171466.766689
CF_Tcu_InhCda,0,1596171466.8074381
CF_Tcu_InhCda,0,1596171466.8158982
CF_Tcu_InhCda,0,1596171466.897576
CF_Tcu_InhCda,0,1596171467.004606
CF_Tcu_InhCda,0,1596171467.016442
CF_Tcu_InhCda,0,1596171467.0288632
CF_Tcu_InhCda,0,1596171467.036874
CF_Tcu_InhCda,0,1596171467.057368
CF_Tcu_InhCda,0,1596171467.065965
CF_Tcu_InhCda,0,1596171467.1853492
CF_Tcu_InhCda,0,1596171467.376866
CF_Tcu_InhCda,0,1596171467.385706
CF_Tcu_InhCda,0,1596171467.455122
CF_Tcu_InhCda,0,1596171467.5452552
CF_Tcu_InhCda,0,1596171467.594403
CF_Tcu_InhCda,0,1596171467.606377
CF_Tcu_InhCda,0,1596171467.6270368
CF_Tcu_InhCda,0,1596171467.6554801
CF_Tcu_InhCda,0,1596171467.6882172
CF_Tcu_InhCda,0,1596171467.909225
CF_Tcu_InhCda,0,1596171467.975265
CF_Tcu_InhCda,0,1596171468.024592
CF_Tcu_InhCda,0,1596171468.036348
CF_Tcu_InhCda,0,1596171468.1264262
CF_Tcu_InhCda,0,1596171468.286495
CF_Tcu_InhCda,0,1596171468.3270118
CF_Tcu_InhCda,0,1596171468.3558989
CF_Tcu_InhCda,0,1596171468.364435
CF_Tcu_InhCda,0,1596171468.4460428
CF_Tcu_InhCda,0,1596171468.507328
CF_Tcu_InhCda,0,1596171468.585622
CF_Tcu_InhCda,0,1596171468.605647
CF_Tcu_InhCda,0,1596171468.61429
CF_Tcu_InhCda,0,1596171468.798121
CF_Tcu_InhCda,0,1596171468.806682
CF_Tcu_InhCda,0,1596171468.8269491
CF_Tcu_InhCda,0,1596171468.888319
CF_Tcu_InhCda,0,1596171469.0361302
CF_Tcu_InhCda,0,1596171469.076607
CF_Tcu_InhCda,0,1596171469.085331
CF_Tcu_InhCda,0,1596171469.187337
CF_Tcu_InhCda,0,1596171469.224575
CF_Tcu_InhCda,0,1596171469.4047842
CF_Tcu_InhCda,0,1596171469.4289348
CF_Tcu_InhCda,0,1596171469.465836
CF_Tcu_InhCda,0,1596171469.477972
CF_Tcu_InhCda,0,1596171469.535393
CF_Tcu_InhCda,0,1596171469.5851471
CF_Tcu_InhCda,0,1596171469.695559
CF_Tcu_InhCda,0,1596171469.707474
CF_Tcu_InhCda,0,1596171469.867378
CF_Tcu_InhCda,0,1596171469.904634
CF_Tcu_InhCda,0,1596171469.9249194
CF_Tcu_InhCda,0,1596171469.957143
CF_Tcu_InhCda,0,1596171469.9741726
CF_Tcu_InhCda,0,1596171469.9859529
CF_Tcu_InhCda,0,1596171470.0268722
CF_Tcu_InhCda,0,1596171470.125667
CF_Tcu_InhCda,0,1596171470.1374571
CF_Tcu_InhCda,0,1596171470.195286
CF_Tcu_InhCda,0,1596171470.3094232
CF_Tcu_InhCda,0,1596171470.32624
CF_Tcu_InhCda,0,1596171470.469307
CF_Tcu_InhCda,0,1596171470.489658
CF_Tcu_InhCda,0,1596171470.567817
CF_Tcu_InhCda,0,1596171470.576125
CF_Tcu_InhCda,0,1596171470.6084971
CF_Tcu_InhCda,0,1596171470.665923
CF_Tcu_InhCda,0,1596171470.678157
CF_Tcu_InhCda,0,1596171470.7156339
CF_Tcu_InhCda,0,1596171470.8870988
CF_Tcu_InhCda,0,1596171470.8955982
CF_Tcu_InhCda,0,1596171470.9074614
CF_Tcu_InhCda,0,1596171470.9280539
CF_Tcu_InhCda,0,1596171470.940256
CF_Tcu_InhCda,0,1596171470.9775062
CF_Tcu_InhCda,0,1596171470.997526
CF_Tcu_InhCda,0,1596171471.005743
CF_Tcu_InhCda,0,1596171471.067278
CF_Tcu_InhCda,0,1596171471.1455374
CF_Tcu_InhCda,0,1596171471.2064788
CF_Tcu_InhCda,0,1596171471.2150886
CF_Tcu_InhCda,0,1596171471.226947
CF_Tcu_InhCda,0,1596171471.247355
CF_Tcu_InhCda,0,1596171471.386948
CF_Tcu_InhCda,0,1596171471.40713
CF_Tcu_InhCda,0,1596171471.427617
CF_Tcu_InhCda,0,1596171471.436053
CF_Tcu_InhCda,0,1596171471.456354
CF_Tcu_InhCda,0,1596171471.497208
CF_Tcu_InhCda,0,1596171471.546486
CF_Tcu_InhCda,0,1596171471.8051
CF_Tcu_InhCda,0,1596171471.82533
CF_Tcu_InhCda,0,1596171471.857641
CF_Tcu_InhCda,0,1596171471.915093
CF_Tcu_InhCda,0,1596171471.976459
CF_Tcu_InhCda,0,1596171471.988719
CF_Tcu_InhCda,0,1596171472.0872
CF_Tcu_InhCda,0,1596171472.0956314
CF_Tcu_InhCda,0,1596171472.17726
CF_Tcu_InhCda,0,1596171472.1975749
CF_Tcu_InhCda,0,1596171472.206348
CF_Tcu_InhCda,0,1596171472.235126
CF_Tcu_InhCda,0,1596171472.246807
CF_Tcu_InhCda,0,1596171472.316621
CF_Tcu_InhCda,0,1596171472.36569
CF_Tcu_InhCda,0,1596171472.3778062
CF_Tcu_InhCda,0,1596171472.386067
CF_Tcu_InhCda,0,1596171472.427059
CF_Tcu_InhCda,0,1596171472.496651
CF_Tcu_InhCda,0,1596171472.5051632
CF_Tcu_InhCda,0,1596171472.525693
CF_Tcu_InhCda,0,1596171472.635943
CF_Tcu_InhCda,0,1596171472.6854382
CF_Tcu_InhCda,0,1596171472.6973212
CF_Tcu_InhCda,0,1596171472.705909
CF_Tcu_InhCda,0,1596171472.7352462
CF_Tcu_InhCda,0,1596171472.746476
CF_Tcu_InhCda,0,1596171472.7754982
CF_Tcu_InhCda,0,1596171472.869329
CF_Tcu_InhCda,0,1596171472.8898716
CF_Tcu_InhCda,0,1596171472.9061928
CF_Tcu_InhCda,0,1596171472.955321
CF_Tcu_InhCda,0,1596171472.968013
CF_Tcu_InhCda,0,1596171473.025003
CF_Tcu_InhCda,0,1596171473.066702
CF_Tcu_InhCda,0,1596171473.115295
CF_Tcu_InhCda,0,1596171473.127344
CF_Tcu_InhCda,0,1596171473.185599
CF_Tcu_InhCda,0,1596171473.2669551
CF_Tcu_InhCda,0,1596171473.275439
CF_Tcu_InhCda,0,1596171473.295716
CF_Tcu_InhCda,0,1596171473.336711
CF_Tcu_InhCda,0,1596171473.406424
CF_Tcu_InhCda,0,1596171473.57796
CF_Tcu_InhCda,0,1596171473.5862439
CF_Tcu_InhCda,0,1596171473.607061
CF_Tcu_InhCda,0,1596171473.856441
CF_Tcu_InhCda,0,1596171473.967468
CF_Tcu_InhCda,0,1596171474.135382
CF_Tcu_InhCda,0,1596171474.19635
CF_Tcu_InhCda,0,1596171474.266863
CF_Tcu_InhCda,0,1596171474.3157618
CF_Tcu_InhCda,0,1596171474.356213
CF_Tcu_InhCda,0,1596171474.475416
CF_Tcu_InhCda,0,1596171474.487241
CF_Tcu_InhCda,0,1596171474.58587
CF_Tcu_InhCda,0,1596171474.737123
CF_Tcu_InhCda,0,1596171474.8069034
CF_Tcu_InhCda,0,1596171474.827182
CF_Tcu_InhCda,0,1596171474.864396
CF_Tcu_InhCda,0,1596171474.9750268
CF_Tcu_InhCda,0,1596171474.9955454
CF_Tcu_InhCda,0,1596171475.036152
CF_Tcu_InhCda,0,1596171475.0565078
CF_Tcu_InhCda,0,1596171475.0650961
CF_Tcu_InhCda,0,1596171475.0769901
CF_Tcu_InhCda,0,1596171475.0856
CF_Tcu_InhCda,0,1596171475.097461
CF_Tcu_InhCda,0,1596171475.106134
CF_Tcu_InhCda,0,1596171475.236685
CF_Tcu_InhCda,0,1596171475.37606
CF_Tcu_InhCda,0,1596171475.445675
CF_Tcu_InhCda,0,1596171475.506958
CF_Tcu_InhCda,0,1596171475.5971358
CF_Tcu_InhCda,0,1596171475.667149
CF_Tcu_InhCda,0,1596171475.6996381
CF_Tcu_InhCda,0,1596171475.7077231
CF_Tcu_InhCda,0,1596171475.737067
CF_Tcu_InhCda,0,1596171475.797763
CF_Tcu_InhCda,0,1596171475.806001
CF_Tcu_InhCda,0,1596171475.9744706
CF_Tcu_InhCda,0,1596171476.076389
CF_Tcu_InhCda,0,1596171476.1255221
CF_Tcu_InhCda,0,1596171476.1378288
CF_Tcu_InhCda,0,1596171476.384675
CF_Tcu_InhCda,0,1596171476.457333
CF_Tcu_InhCda,0,1596171476.465492
CF_Tcu_InhCda,0,1596171476.486005
CF_Tcu_InhCda,0,1596171476.50645
CF_Tcu_InhCda,0,1596171476.564147
CF_Tcu_InhCda,0,1596171476.576122
CF_Tcu_InhCda,0,1596171476.6172562
CF_Tcu_InhCda,0,1596171476.6579454
CF_Tcu_InhCda,0,1596171476.6867552
CF_Tcu_InhCda,0,1596171476.805571
CF_Tcu_InhCda,0,1596171476.875572
CF_Tcu_InhCda,0,1596171476.956936
CF_Tcu_InhCda,0,1596171477.035242
CF_Tcu_InhCda,0,1596171477.0553658
CF_Tcu_InhCda,0,1596171477.157588
CF_Tcu_InhCda,0,1596171477.1660519
CF_Tcu_InhCda,0,1596171477.195168
CF_Tcu_InhCda,0,1596171477.2563221
CF_Tcu_InhCda,0,1596171477.395843
CF_Tcu_InhCda,0,1596171477.456662
CF_Tcu_InhCda,0,1596171477.465325
CF_Tcu_InhCda,0,1596171477.4977114
CF_Tcu_InhCda,0,1596171477.5262752
CF_Tcu_InhCda,0,1596171477.59595
CF_Tcu_InhCda,0,1596171477.604584
CF_Tcu_InhCda,0,1596171477.6778321
CF_Tcu_InhCda,0,1596171477.7761762
CF_Tcu_InhCda,0,1596171477.784998
CF_Tcu_InhCda,0,1596171477.845858
CF_Tcu_InhCda,0,1596171477.857991
CF_Tcu_InhCda,0,1596171477.8950212
CF_Tcu_InhCda,0,1596171477.9358778
CF_Tcu_InhCda,0,1596171478.005783
CF_Tcu_InhCda,0,1596171478.054977
CF_Tcu_InhCda,0,1596171478.067188
CF_Tcu_InhCda,0,1596171478.0755806
CF_Tcu_InhCda,0,1596171478.0960689
CF_Tcu_InhCda,0,1596171478.3254886
CF_Tcu_InhCda,0,1596171478.3782568
CF_Tcu_InhCda,0,1596171478.4852269
CF_Tcu_InhCda,0,1596171478.5547464
CF_Tcu_InhCda,0,1596171478.7267706
CF_Tcu_InhCda,0,1596171478.759094
CF_Tcu_InhCda,0,1596171478.7963488
CF_Tcu_InhCda,0,1596171478.9354649
CF_Tcu_InhCda,0,1596171478.9557726
CF_Tcu_InhCda,0,1596171478.96817
CF_Tcu_InhCda,0,1596171478.976316
CF_Tcu_InhCda,0,1596171478.9853706
CF_Tcu_InhCda,0,1596171479.005356
CF_Tcu_InhCda,0,1596171479.025683
CF_Tcu_InhCda,0,1596171479.0457964
CF_Tcu_InhCda,0,1596171479.17312
CF_Tcu_InhCda,0,1596171479.275518
CF_Tcu_InhCda,0,1596171479.287691
CF_Tcu_InhCda,0,1596171479.336709
CF_Tcu_InhCda,0,1596171479.566326
CF_Tcu_InhCda,0,1596171479.5868769
CF_Tcu_InhCda,0,1596171479.6274788
CF_Tcu_InhCda,0,1596171479.705617
CF_Tcu_InhCda,0,1596171479.7954302
CF_Tcu_InhCda,0,1596171479.856946
CF_Tcu_InhCda,0,1596171479.865422
CF_Tcu_InhCda,0,1596171479.8772411
CF_Tcu_InhCda,0,1596171479.8977551
CF_Tcu_InhCda,0,1596171479.906304
CF_Tcu_InhCda,0,1596171479.935421
CF_Tcu_InhCda,0,1596171479.959185
CF_Tcu_InhCda,0,1596171479.9677641
CF_Tcu_InhCda,0,1596171479.9960508
CF_Tcu_InhCda,0,1596171480.0165632
CF_Tcu_InhCda,0,1596171480.0947258
CF_Tcu_InhCda,0,1596171480.135756
CF_Tcu_InhCda,0,1596171480.1644852
CF_Tcu_InhCda,0,1596171480.176329
CF_Tcu_InhCda,0,1596171480.2054322
CF_Tcu_InhCda,0,1596171480.245923
CF_Tcu_InhCda,0,1596171480.315632
CF_Tcu_InhCda,0,1596171480.455192
CF_Tcu_InhCda,0,1596171480.467338
CF_Tcu_InhCda,0,1596171480.4758024
CF_Tcu_InhCda,0,1596171480.487607
CF_Tcu_InhCda,0,1596171480.5043929
CF_Tcu_InhCda,0,1596171480.5285358
CF_Tcu_InhCda,0,1596171480.557111
CF_Tcu_InhCda,0,1596171480.5776892
CF_Tcu_InhCda,0,1596171480.5858922
CF_Tcu_InhCda,0,1596171480.774938
CF_Tcu_InhCda,0,1596171480.8566444
CF_Tcu_InhCda,0,1596171480.876698
CF_Tcu_InhCda,0,1596171480.885441
CF_Tcu_InhCda,0,1596171480.9138632
CF_Tcu_InhCda,0,1596171480.9955251
CF_Tcu_InhCda,0,1596171481.0159721
CF_Tcu_InhCda,0,1596171481.0651288
CF_Tcu_InhCda,0,1596171481.1059802
CF_Tcu_InhCda,0,1596171481.126567
CF_Tcu_InhCda,0,1596171481.1592588
CF_Tcu_InhCda,0,1596171481.266403
CF_Tcu_InhCda,0,1596171481.28631
CF_Tcu_InhCda,0,1596171481.33625
CF_Tcu_InhCda,0,1596171481.364521
CF_Tcu_InhCda,0,1596171481.3886561
CF_Tcu_InhCda,0,1596171481.425857
CF_Tcu_InhCda,0,1596171481.4870381
CF_Tcu_InhCda,0,1596171481.655217
CF_Tcu_InhCda,0,1596171481.667365
CF_Tcu_InhCda,0,1596171481.74537
CF_Tcu_InhCda,0,1596171481.7572439
CF_Tcu_InhCda,0,1596171481.794685
CF_Tcu_InhCda,0,1596171481.8149722
CF_Tcu_InhCda,0,1596171481.8555784
CF_Tcu_InhCda,0,1596171481.9578831
CF_Tcu_InhCda,0,1596171481.9663901
CF_Tcu_InhCda,0,1596171481.9868858
CF_Tcu_InhCda,0,1596171482.0071151
CF_Tcu_InhCda,0,1596171482.027532
CF_Tcu_InhCda,0,1596171482.085807
CF_Tcu_InhCda,0,1596171482.105762
CF_Tcu_InhCda,0,1596171482.135349
CF_Tcu_InhCda,0,1596171482.175116
CF_Tcu_InhCda,0,1596171482.245137
CF_Tcu_InhCda,0,1596171482.2568698
CF_Tcu_InhCda,0,1596171482.289634
CF_Tcu_InhCda,0,1596171482.297847
CF_Tcu_InhCda,0,1596171482.306056
CF_Tcu_InhCda,0,1596171482.375814
CF_Tcu_InhCda,0,1596171482.404842
CF_Tcu_InhCda,0,1596171482.4253306
CF_Tcu_InhCda,0,1596171482.466102
CF_Tcu_InhCda,0,1596171482.527318
CF_Tcu_InhCda,0,1596171482.5355241
CF_Tcu_InhCda,0,1596171482.634794
CF_Tcu_InhCda,0,1596171482.658345
CF_Tcu_InhCda,0,1596171482.6752052
CF_Tcu_InhCda,0,1596171482.687089
CF_Tcu_InhCda,0,1596171482.695274
CF_Tcu_InhCda,0,1596171482.846716
CF_Tcu_InhCda,0,1596171482.855411
CF_Tcu_InhCda,0,1596171482.867614
CF_Tcu_InhCda,0,1596171482.875689
CF_Tcu_InhCda,0,1596171482.8877358
CF_Tcu_InhCda,0,1596171482.9045398
CF_Tcu_InhCda,0,1596171482.974037
CF_Tcu_InhCda,0,1596171482.986181
CF_Tcu_InhCda,0,1596171483.174948
CF_Tcu_InhCda,0,1596171483.1868026
CF_Tcu_InhCda,0,1596171483.22766
CF_Tcu_InhCda,0,1596171483.305591
CF_Tcu_InhCda,0,1596171483.395656
CF_Tcu_InhCda,0,1596171483.4247189
CF_Tcu_InhCda,0,1596171483.494339
CF_Tcu_InhCda,0,1596171483.5351946
CF_Tcu_InhCda,0,1596171483.78527
CF_Tcu_InhCda,0,1596171483.8053818
CF_Tcu_InhCda,0,1596171483.86675
CF_Tcu_InhCda,0,1596171484.0756
CF_Tcu_InhCda,0,1596171484.145509
CF_Tcu_InhCda,0,1596171484.235293
CF_Tcu_InhCda,0,1596171484.2473886
CF_Tcu_InhCda,0,1596171484.3173606
CF_Tcu_InhCda,0,1596171484.354392
CF_Tcu_InhCda,0,1596171484.47689
CF_Tcu_InhCda,0,1596171484.4854481
CF_Tcu_InhCda,0,1596171484.526025
CF_Tcu_InhCda,0,1596171484.6160789
CF_Tcu_InhCda,0,1596171484.645277
CF_Tcu_InhCda,0,1596171484.665807
CF_Tcu_InhCda,0,1596171484.6861
CF_Tcu_InhCda,0,1596171484.72679
CF_Tcu_InhCda,0,1596171484.8661141
CF_Tcu_InhCda,0,1596171484.9442232
CF_Tcu_InhCda,0,1596171484.9850829
CF_Tcu_InhCda,0,1596171485.0378866
CF_Tcu_InhCda,0,1596171485.066859
CF_Tcu_InhCda,0,1596171485.074898
CF_Tcu_InhCda,0,1596171485.1364539
CF_Tcu_InhCda,0,1596171485.21453
CF_Tcu_InhCda,0,1596171485.2264252
CF_Tcu_InhCda,0,1596171485.2353618
CF_Tcu_InhCda,0,1596171485.2468126
CF_Tcu_InhCda,0,1596171485.2556634
CF_Tcu_InhCda,0,1596171485.357321
CF_Tcu_InhCda,0,1596171485.3656971
CF_Tcu_InhCda,0,1596171485.377981
CF_Tcu_InhCda,0,1596171485.435434
CF_Tcu_InhCda,0,1596171485.505455
CF_Tcu_InhCda,0,1596171485.5174286
CF_Tcu_InhCda,0,1596171485.567316
CF_Tcu_InhCda,0,1596171485.77529
CF_Tcu_InhCda,0,1596171485.845048
CF_Tcu_InhCda,0,1596171486.025151
CF_Tcu_InhCda,0,1596171486.074716
CF_Tcu_InhCda,0,1596171486.115295
CF_Tcu_InhCda,0,1596171486.1274118
CF_Tcu_InhCda,0,1596171486.164735
CF_Tcu_InhCda,0,1596171486.185569
CF_Tcu_InhCda,0,1596171486.2052534
CF_Tcu_InhCda,0,1596171486.2668462
CF_Tcu_InhCda,0,1596171486.356731
CF_Tcu_InhCda,0,1596171486.426504
CF_Tcu_InhCda,0,1596171486.553764
CF_Tcu_InhCda,0,1596171486.594851
CF_Tcu_InhCda,0,1596171486.606693
CF_Tcu_InhCda,0,1596171486.6646411
CF_Tcu_InhCda,0,1596171486.766628
CF_Tcu_InhCda,0,1596171487.004473
CF_Tcu_InhCda,0,1596171487.0248716
CF_Tcu_InhCda,0,1596171487.044968
CF_Tcu_InhCda,0,1596171487.0572958
CF_Tcu_InhCda,0,1596171487.065508
CF_Tcu_InhCda,0,1596171487.077773
CF_Tcu_InhCda,0,1596171487.147294
CF_Tcu_InhCda,0,1596171487.335897
CF_Tcu_InhCda,0,1596171487.39709
CF_Tcu_InhCda,0,1596171487.4671571
CF_Tcu_InhCda,0,1596171487.4841778
CF_Tcu_InhCda,0,1596171487.556906
CF_Tcu_InhCda,0,1596171487.626695
CF_Tcu_InhCda,0,1596171487.6557212
CF_Tcu_InhCda,0,1596171487.667777
CF_Tcu_InhCda,0,1596171487.6761136
CF_Tcu_InhCda,0,1596171487.688058
CF_Tcu_InhCda,0,1596171487.717096
CF_Tcu_InhCda,0,1596171487.757707
CF_Tcu_InhCda,0,1596171487.844115
CF_Tcu_InhCda,0,1596171487.934753
CF_Tcu_InhCda,0,1596171487.966769
CF_Tcu_InhCda,0,1596171488.007392
CF_Tcu_InhCda,0,1596171488.064955
CF_Tcu_InhCda,0,1596171488.1467366
CF_Tcu_InhCda,0,1596171488.1876614
CF_Tcu_InhCda,0,1596171488.1959028
CF_Tcu_InhCda,0,1596171488.3187199
CF_Tcu_InhCda,0,1596171488.335527
CF_Tcu_InhCda,0,1596171488.368201
CF_Tcu_InhCda,0,1596171488.425328
CF_Tcu_InhCda,0,1596171488.527693
CF_Tcu_InhCda,0,1596171488.5562508
CF_Tcu_InhCda,0,1596171488.5687208
CF_Tcu_InhCda,0,1596171488.634974
CF_Tcu_InhCda,0,1596171488.6751132
CF_Tcu_InhCda,0,1596171488.794234
CF_Tcu_InhCda,0,1596171488.8150332
CF_Tcu_InhCda,0,1596171488.8265948
CF_Tcu_InhCda,0,1596171488.835265
CF_Tcu_InhCda,0,1596171488.908514
CF_Tcu_InhCda,0,1596171489.00679
CF_Tcu_InhCda,0,1596171489.105205
CF_Tcu_InhCda,0,1596171489.1260624
CF_Tcu_InhCda,0,1596171489.154666
CF_Tcu_InhCda,0,1596171489.1667874
CF_Tcu_InhCda,0,1596171489.2079284
CF_Tcu_InhCda,0,1596171489.3753881
CF_Tcu_InhCda,0,1596171489.395911
CF_Tcu_InhCda,0,1596171489.416613
CF_Tcu_InhCda,0,1596171489.4249444
CF_Tcu_InhCda,0,1596171489.4374132
CF_Tcu_InhCda,0,1596171489.457313
CF_Tcu_InhCda,0,1596171489.4860532
CF_Tcu_InhCda,0,1596171489.5354538
CF_Tcu_InhCda,0,1596171489.764951
CF_Tcu_InhCda,0,1596171489.805881
CF_Tcu_InhCda,0,1596171489.835217
CF_Tcu_InhCda,0,1596171489.997921
CF_Tcu_InhCda,0,1596171490.006201
CF_Tcu_InhCda,0,1596171490.0354571
CF_Tcu_InhCda,0,1596171490.0559502
CF_Tcu_InhCda,0,1596171490.067904
CF_Tcu_InhCda,0,1596171490.0758114
CF_Tcu_InhCda,0,1596171490.1253078
CF_Tcu_InhCda,0,1596171490.1373591
CF_Tcu_InhCda,0,1596171490.206868
CF_Tcu_InhCda,0,1596171490.285269
CF_Tcu_InhCda,0,1596171490.2969801
CF_Tcu_InhCda,0,1596171490.313772
CF_Tcu_InhCda,0,1596171490.575598
CF_Tcu_InhCda,0,1596171490.5877821
CF_Tcu_InhCda,0,1596171490.7966151
CF_Tcu_InhCda,0,1596171490.8749812
CF_Tcu_InhCda,0,1596171490.8868194
CF_Tcu_InhCda,0,1596171490.895542
CF_Tcu_InhCda,0,1596171490.927784
CF_Tcu_InhCda,0,1596171490.9446046
CF_Tcu_InhCda,0,1596171490.997343
CF_Tcu_InhCda,0,1596171491.0261009
CF_Tcu_InhCda,0,1596171491.0669749
CF_Tcu_InhCda,0,1596171491.214918
CF_Tcu_InhCda,0,1596171491.235449
CF_Tcu_InhCda,0,1596171491.3007288
CF_Tcu_InhCda,0,1596171491.337399
CF_Tcu_InhCda,0,1596171491.3952868
CF_Tcu_InhCda,0,1596171491.406955
CF_Tcu_InhCda,0,1596171491.4357052
CF_Tcu_InhCda,0,1596171491.587264
CF_Tcu_InhCda,0,1596171491.59582
CF_Tcu_InhCda,0,1596171491.7960901
CF_Tcu_InhCda,0,1596171491.8370402
CF_Tcu_InhCda,0,1596171491.8576038
CF_Tcu_InhCda,0,1596171491.874353
CF_Tcu_InhCda,0,1596171492.095465
CF_Tcu_InhCda,0,1596171492.136441
CF_Tcu_InhCda,0,1596171492.14465
CF_Tcu_InhCda,0,1596171492.246573
CF_Tcu_InhCda,0,1596171492.3654964
CF_Tcu_InhCda,0,1596171492.377655
CF_Tcu_InhCda,0,1596171492.406374
CF_Tcu_InhCda,0,1596171492.464227
CF_Tcu_InhCda,0,1596171492.537384
CF_Tcu_InhCda,0,1596171492.6069062
CF_Tcu_InhCda,0,1596171492.6854382
CF_Tcu_InhCda,0,1596171492.7053778
CF_Tcu_InhCda,0,1596171492.767019
CF_Tcu_InhCda,0,1596171492.7876642
CF_Tcu_InhCda,0,1596171492.935175
CF_Tcu_InhCda,0,1596171493.0864
CF_Tcu_InhCda,0,1596171493.135693
CF_Tcu_InhCda,0,1596171493.2049909
CF_Tcu_InhCda,0,1596171493.2750888
CF_Tcu_InhCda,0,1596171493.2870138
CF_Tcu_InhCda,0,1596171493.307389
CF_Tcu_InhCda,0,1596171493.344794
CF_Tcu_InhCda,0,1596171493.365292
CF_Tcu_InhCda,0,1596171493.377064
CF_Tcu_InhCda,0,1596171493.3857534
CF_Tcu_InhCda,0,1596171493.4058108
CF_Tcu_InhCda,0,1596171493.504569
CF_Tcu_InhCda,0,1596171493.598224
CF_Tcu_InhCda,0,1596171493.60631
CF_Tcu_InhCda,0,1596171493.7457051
CF_Tcu_InhCda,0,1596171493.786593
CF_Tcu_InhCda,0,1596171493.897138
CF_Tcu_InhCda,0,1596171493.979085
CF_Tcu_InhCda,0,1596171494.0569851
CF_Tcu_InhCda,0,1596171494.0652866
CF_Tcu_InhCda,0,1596171494.163861
CF_Tcu_InhCda,0,1596171494.187995
CF_Tcu_InhCda,0,1596171494.245439
CF_Tcu_InhCda,0,1596171494.2658901
CF_Tcu_InhCda,0,1596171494.29511
CF_Tcu_InhCda,0,1596171494.475282
CF_Tcu_InhCda,0,1596171494.487019
CF_Tcu_InhCda,0,1596171494.495567
CF_Tcu_InhCda,0,1596171494.544968
CF_Tcu_InhCda,0,1596171494.5772061
CF_Tcu_InhCda,0,1596171494.5976582
CF_Tcu_InhCda,0,1596171494.7657142
CF_Tcu_InhCda,0,1596171494.777785
CF_Tcu_InhCda,0,1596171494.786109
CF_Tcu_InhCda,0,1596171494.835623
CF_Tcu_InhCda,0,1596171495.076753
CF_Tcu_InhCda,0,1596171495.097239
CF_Tcu_InhCda,0,1596171495.1056168
CF_Tcu_InhCda,0,1596171495.126441
CF_Tcu_InhCda,0,1596171495.13508
CF_Tcu_InhCda,0,1596171495.1550891
CF_Tcu_InhCda,0,1596171495.3061774
CF_Tcu_InhCda,0,1596171495.3555882
CF_Tcu_InhCda,0,1596171495.36791
CF_Tcu_InhCda,0,1596171495.3761194
CF_Tcu_InhCda,0,1596171495.4250472
CF_Tcu_InhCda,0,1596171495.506794
CF_Tcu_InhCda,0,1596171495.60527
CF_Tcu_InhCda,0,1596171495.7075949
CF_Tcu_InhCda,0,1596171495.7281122
CF_Tcu_InhCda,0,1596171495.768945
CF_Tcu_InhCda,0,1596171495.846797
CF_Tcu_InhCda,0,1596171495.8961241
CF_Tcu_InhCda,0,1596171495.936985
CF_Tcu_InhCda,0,1596171495.957345
CF_Tcu_InhCda,0,1596171495.965769
CF_Tcu_InhCda,0,1596171495.977982
CF_Tcu_InhCda,0,1596171495.9863038
CF_Tcu_InhCda,0,1596171495.9983141
CF_Tcu_InhCda,0,1596171496.006632
CF_Tcu_InhCda,0,1596171496.117456
CF_Tcu_InhCda,0,1596171496.235893
CF_Tcu_InhCda,0,1596171496.555742
CF_Tcu_InhCda,0,1596171496.56798
CF_Tcu_InhCda,0,1596171496.5763352
CF_Tcu_InhCda,0,1596171496.5881019
CF_Tcu_InhCda,0,1596171496.596758
CF_Tcu_InhCda,0,1596171496.6086311
CF_Tcu_InhCda,0,1596171496.625033
CF_Tcu_InhCda,0,1596171496.65776
CF_Tcu_InhCda,0,1596171496.7068956
CF_Tcu_InhCda,0,1596171496.8461971
CF_Tcu_InhCda,0,1596171496.866936
CF_Tcu_InhCda,0,1596171496.8753939
CF_Tcu_InhCda,0,1596171496.928158
CF_Tcu_InhCda,0,1596171496.9449248
CF_Tcu_InhCda,0,1596171496.9568539
CF_Tcu_InhCda,0,1596171497.0060842
CF_Tcu_InhCda,0,1596171497.035626
CF_Tcu_InhCda,0,1596171497.067609
CF_Tcu_InhCda,0,1596171497.1862366
CF_Tcu_InhCda,0,1596171497.2357671
CF_Tcu_InhCda,0,1596171497.3749402
CF_Tcu_InhCda,0,1596171497.407239
CF_Tcu_InhCda,0,1596171497.476908
CF_Tcu_InhCda,0,1596171497.489153
CF_Tcu_InhCda,0,1596171497.50564
CF_Tcu_InhCda,0,1596171497.5265439
CF_Tcu_InhCda,0,1596171497.616516
CF_Tcu_InhCda,0,1596171497.685931
CF_Tcu_InhCda,0,1596171497.776017
CF_Tcu_InhCda,0,1596171497.796458
CF_Tcu_InhCda,0,1596171497.84567
CF_Tcu_InhCda,0,1596171497.866349
CF_Tcu_InhCda,0,1596171497.915324
CF_Tcu_InhCda,0,1596171498.0670366
CF_Tcu_InhCda,0,1596171498.087301
CF_Tcu_InhCda,0,1596171498.1076949
CF_Tcu_InhCda,0,1596171498.1282408
CF_Tcu_InhCda,0,1596171498.2146492
CF_Tcu_InhCda,0,1596171498.3252742
CF_Tcu_InhCda,0,1596171498.3864481
CF_Tcu_InhCda,0,1596171498.406683
CF_Tcu_InhCda,0,1596171498.4682178
CF_Tcu_InhCda,0,1596171498.517538
CF_Tcu_InhCda,0,1596171498.5666602
CF_Tcu_InhCda,0,1596171498.644722
CF_Tcu_InhCda,0,1596171498.665641
CF_Tcu_InhCda,0,1596171498.685678
CF_Tcu_InhCda,0,1596171498.726474
CF_Tcu_InhCda,0,1596171498.845054
CF_Tcu_InhCda,0,1596171498.967808
CF_Tcu_InhCda,0,1596171498.9762206
CF_Tcu_InhCda,0,1596171498.988388
CF_Tcu_InhCda,0,1596171499.008766
CF_Tcu_InhCda,0,1596171499.0256212
CF_Tcu_InhCda,0,1596171499.0376034
CF_Tcu_InhCda,0,1596171499.054568
CF_Tcu_InhCda,0,1596171499.0866492
CF_Tcu_InhCda,0,1596171499.095114
CF_Tcu_InhCda,0,1596171499.1358051
CF_Tcu_InhCda,0,1596171499.255002
CF_Tcu_InhCda,0,1596171499.2671301
CF_Tcu_InhCda,0,1596171499.2873788
CF_Tcu_InhCda,0,1596171499.394293
CF_Tcu_InhCda,0,1596171499.4061
CF_Tcu_InhCda,0,1596171499.4353461
CF_Tcu_InhCda,0,1596171499.447139
CF_Tcu_InhCda,0,1596171499.4961882
CF_Tcu_InhCda,0,1596171499.6068091
CF_Tcu_InhCda,0,1596171499.7175279
CF_Tcu_InhCda,0,1596171499.725632
CF_Tcu_InhCda,0,1596171499.865476
CF_Tcu_InhCda,0,1596171499.8854449
CF_Tcu_InhCda,0,1596171499.90622
CF_Tcu_InhCda,0,1596171500.02493
CF_Tcu_InhCda,0,1596171500.176169
CF_Tcu_InhCda,0,1596171500.2866518
CF_Tcu_InhCda,0,1596171500.3155286
CF_Tcu_InhCda,0,1596171500.4671721
CF_Tcu_InhCda,0,1596171500.507742
CF_Tcu_InhCda,0,1596171500.5282722
CF_Tcu_InhCda,0,1596171500.606293
CF_Tcu_InhCda,0,1596171500.626605
CF_Tcu_InhCda,0,1596171500.766098
CF_Tcu_InhCda,0,1596171500.856051
CF_Tcu_InhCda,0,1596171500.9255571
CF_Tcu_InhCda,0,1596171500.946091
CF_Tcu_InhCda,0,1596171500.9747891
CF_Tcu_InhCda,0,1596171500.99529
CF_Tcu_InhCda,0,1596171501.0364618
CF_Tcu_InhCda,0,1596171501.065421
CF_Tcu_InhCda,0,1596171501.126281
CF_Tcu_InhCda,0,1596171501.1590312
CF_Tcu_InhCda,0,1596171501.1636102
CF_Tcu_InhCda,0,1596171501.204672
CF_Tcu_InhCda,0,1596171501.286125
CF_Tcu_InhCda,0,1596171501.294803
CF_Tcu_InhCda,0,1596171501.323375
CF_Tcu_InhCda,0,1596171501.5156748
CF_Tcu_InhCda,0,1596171501.556454
CF_Tcu_InhCda,0,1596171501.687402
CF_Tcu_InhCda,0,1596171501.777629
CF_Tcu_InhCda,0,1596171501.806222
CF_Tcu_InhCda,0,1596171501.826695
CF_Tcu_InhCda,0,1596171501.8850539
CF_Tcu_InhCda,0,1596171501.937234
CF_Tcu_InhCda,0,1596171501.9864779
CF_Tcu_InhCda,0,1596171502.006925
CF_Tcu_InhCda,0,1596171502.0275464
CF_Tcu_InhCda,0,1596171502.056036
CF_Tcu_InhCda,0,1596171502.076611
CF_Tcu_InhCda,0,1596171502.105493
CF_Tcu_InhCda,0,1596171502.125751
CF_Tcu_InhCda,0,1596171502.305972
CF_Tcu_InhCda,0,1596171502.5850132
CF_Tcu_InhCda,0,1596171502.6750581
CF_Tcu_InhCda,0,1596171502.855082
CF_Tcu_InhCda,0,1596171502.867358
CF_Tcu_InhCda,0,1596171502.908028
CF_Tcu_InhCda,0,1596171502.924777
CF_Tcu_InhCda,0,1596171502.93666
CF_Tcu_InhCda,0,1596171502.985898
CF_Tcu_InhCda,0,1596171503.125397
CF_Tcu_InhCda,0,1596171503.2069418
CF_Tcu_InhCda,0,1596171503.2357311
CF_Tcu_InhCda,0,1596171503.2765741
CF_Tcu_InhCda,0,1596171503.305295
CF_Tcu_InhCda,0,1596171503.3257852
CF_Tcu_InhCda,0,1596171503.485964
CF_Tcu_InhCda,0,1596171503.526491
CF_Tcu_InhCda,0,1596171503.735477
CF_Tcu_InhCda,0,1596171503.7762408
CF_Tcu_InhCda,0,1596171503.784837
CF_Tcu_InhCda,0,1596171503.7967694
CF_Tcu_InhCda,0,1596171503.808919
CF_Tcu_InhCda,0,1596171503.825494
CF_Tcu_InhCda,0,1596171503.837667
CF_Tcu_InhCda,0,1596171504.186568
CF_Tcu_InhCda,0,1596171504.194535
CF_Tcu_InhCda,0,1596171504.214937
CF_Tcu_InhCda,0,1596171504.317277
CF_Tcu_InhCda,0,1596171504.3578482
CF_Tcu_InhCda,0,1596171504.374838
CF_Tcu_InhCda,0,1596171504.407091
CF_Tcu_InhCda,0,1596171504.4153972
CF_Tcu_InhCda,0,1596171504.427556
CF_Tcu_InhCda,0,1596171504.464873
CF_Tcu_InhCda,0,1596171504.677464
CF_Tcu_InhCda,0,1596171504.6856
CF_Tcu_InhCda,0,1596171504.697819
CF_Tcu_InhCda,0,1596171504.706772
CF_Tcu_InhCda,0,1596171504.788179
CF_Tcu_InhCda,0,1596171504.8050349
CF_Tcu_InhCda,0,1596171504.834235
CF_Tcu_InhCda,0,1596171504.8660102
CF_Tcu_InhCda,0,1596171504.88622
CF_Tcu_InhCda,0,1596171504.976468
CF_Tcu_InhCda,0,1596171504.996938
CF_Tcu_InhCda,0,1596171505.0378199
CF_Tcu_InhCda,0,1596171505.058274
CF_Tcu_InhCda,0,1596171505.075212
CF_Tcu_InhCda,0,1596171505.0870051
CF_Tcu_InhCda,0,1596171505.127954
CF_Tcu_InhCda,0,1596171505.284935
CF_Tcu_InhCda,0,1596171505.295902
CF_Tcu_InhCda,0,1596171505.324939
CF_Tcu_InhCda,0,1596171505.4269788
CF_Tcu_InhCda,0,1596171505.586756
CF_Tcu_InhCda,0,1596171505.595305
CF_Tcu_InhCda,0,1596171505.7549374
CF_Tcu_InhCda,0,1596171505.7872908
CF_Tcu_InhCda,0,1596171505.8370292
CF_Tcu_InhCda,0,1596171505.897846
CF_Tcu_InhCda,0,1596171505.9062998
CF_Tcu_InhCda,0,1596171505.9266589
CF_Tcu_InhCda,0,1596171505.938912
CF_Tcu_InhCda,0,1596171505.988062
CF_Tcu_InhCda,0,1596171506.13568
CF_Tcu_InhCda,0,1596171506.2051818
CF_Tcu_InhCda,0,1596171506.226056
CF_Tcu_InhCda,0,1596171506.25476
CF_Tcu_InhCda,0,1596171506.3075056
CF_Tcu_InhCda,0,1596171506.345034
CF_Tcu_InhCda,0,1596171506.4144454
CF_Tcu_InhCda,0,1596171506.4349349
CF_Tcu_InhCda,0,1596171506.44679
CF_Tcu_InhCda,0,1596171506.4675431
CF_Tcu_InhCda,0,1596171506.7252948
CF_Tcu_InhCda,0,1596171506.786783
CF_Tcu_InhCda,0,1596171506.7953598
CF_Tcu_InhCda,0,1596171506.80723
CF_Tcu_InhCda,0,1596171506.824065
CF_Tcu_InhCda,0,1596171506.836015
CF_Tcu_InhCda,0,1596171506.856831
CF_Tcu_InhCda,0,1596171506.876809
CF_Tcu_InhCda,0,1596171507.094443
CF_Tcu_InhCda,0,1596171507.1062539
CF_Tcu_InhCda,0,1596171507.245517
CF_Tcu_InhCda,0,1596171507.3155706
CF_Tcu_InhCda,0,1596171507.504075
CF_Tcu_InhCda,0,1596171507.515929
CF_Tcu_InhCda,0,1596171507.667559
CF_Tcu_InhCda,0,1596171507.675612
CF_Tcu_InhCda,0,1596171507.6845179
CF_Tcu_InhCda,0,1596171507.704392
CF_Tcu_InhCda,0,1596171507.716649
CF_Tcu_InhCda,0,1596171507.7861009
CF_Tcu_InhCda,0,1596171507.8761358
CF_Tcu_InhCda,0,1596171508.0240488
CF_Tcu_InhCda,0,1596171508.0774775
CF_Tcu_InhCda,0,1596171508.265426
CF_Tcu_InhCda,0,1596171508.27759
CF_Tcu_InhCda,0,1596171508.379957
CF_Tcu_InhCda,0,1596171508.597023
CF_Tcu_InhCda,0,1596171508.674979
CF_Tcu_InhCda,0,1596171508.736373
CF_Tcu_InhCda,0,1596171508.85554
CF_Tcu_InhCda,0,1596171508.8877592
CF_Tcu_InhCda,0,1596171508.97797
CF_Tcu_InhCda,0,1596171509.117329
CF_Tcu_InhCda,0,1596171509.1666539
CF_Tcu_InhCda,0,1596171509.1750891
CF_Tcu_InhCda,0,1596171509.18692
CF_Tcu_InhCda,0,1596171509.195454
CF_Tcu_InhCda,0,1596171509.227777
CF_Tcu_InhCda,0,1596171509.236464
CF_Tcu_InhCda,0,1596171509.335027
CF_Tcu_InhCda,0,1596171509.387525
CF_Tcu_InhCda,0,1596171509.477737
CF_Tcu_InhCda,0,1596171509.4945881
CF_Tcu_InhCda,0,1596171509.526777
CF_Tcu_InhCda,0,1596171509.539208
CF_Tcu_InhCda,0,1596171509.686672
CF_Tcu_InhCda,0,1596171509.7562408
CF_Tcu_InhCda,0,1596171509.784994
CF_Tcu_InhCda,0,1596171509.8381178
CF_Tcu_InhCda,0,1596171510.0145528
CF_Tcu_InhCda,0,1596171510.0964632
CF_Tcu_InhCda,0,1596171510.116898
CF_Tcu_InhCda,0,1596171510.125342
CF_Tcu_InhCda,0,1596171510.1372614
CF_Tcu_InhCda,0,1596171510.1543891
CF_Tcu_InhCda,0,1596171510.1866329
CF_Tcu_InhCda,0,1596171510.195096
CF_Tcu_InhCda,0,1596171510.2558858
CF_Tcu_InhCda,0,1596171510.3667471
CF_Tcu_InhCda,0,1596171510.374989
CF_Tcu_InhCda,0,1596171510.3952231
CF_Tcu_InhCda,0,1596171510.465334
CF_Tcu_InhCda,0,1596171510.505613
CF_Tcu_InhCda,0,1596171510.6777751
CF_Tcu_InhCda,0,1596171510.698167
CF_Tcu_InhCda,0,1596171510.7063758
CF_Tcu_InhCda,0,1596171510.739203
CF_Tcu_InhCda,0,1596171510.7679381
CF_Tcu_InhCda,0,1596171510.8348742
CF_Tcu_InhCda,0,1596171510.8460624
CF_Tcu_InhCda,0,1596171510.9359028
CF_Tcu_InhCda,0,1596171510.9562118
CF_Tcu_InhCda,0,1596171510.964784
CF_Tcu_InhCda,0,1596171510.976685
CF_Tcu_InhCda,0,1596171510.9973388
CF_Tcu_InhCda,0,1596171511.025898
CF_Tcu_InhCda,0,1596171511.054888
CF_Tcu_InhCda,0,1596171511.06729
CF_Tcu_InhCda,0,1596171511.255243
CF_Tcu_InhCda,0,1596171511.2758982
CF_Tcu_InhCda,0,1596171511.304696
CF_Tcu_InhCda,0,1596171511.328916
CF_Tcu_InhCda,0,1596171511.337321
CF_Tcu_InhCda,0,1596171511.366997
CF_Tcu_InhCda,0,1596171511.394998
CF_Tcu_InhCda,0,1596171511.406757
CF_Tcu_InhCda,0,1596171511.4151194
CF_Tcu_InhCda,0,1596171511.5138822
CF_Tcu_InhCda,0,1596171511.5751462
CF_Tcu_InhCda,0,1596171511.595506
CF_Tcu_InhCda,0,1596171511.607528
CF_Tcu_InhCda,0,1596171511.6368158
CF_Tcu_InhCda,0,1596171511.6770608
CF_Tcu_InhCda,0,1596171511.6975338
CF_Tcu_InhCda,0,1596171511.816725
CF_Tcu_InhCda,0,1596171511.8656929
CF_Tcu_InhCda,0,1596171511.877745
CF_Tcu_InhCda,0,1596171511.927014
CF_Tcu_InhCda,0,1596171511.967859
CF_Tcu_InhCda,0,1596171511.996554
CF_Tcu_InhCda,0,1596171512.005049
CF_Tcu_InhCda,0,1596171512.115555
CF_Tcu_InhCda,0,1596171512.156289
CF_Tcu_InhCda,0,1596171512.1648698
CF_Tcu_InhCda,0,1596171512.17682
CF_Tcu_InhCda,0,1596171512.226022
CF_Tcu_InhCda,0,1596171512.234974
CF_Tcu_InhCda,0,1596171512.2672694
CF_Tcu_InhCda,0,1596171512.435267
CF_Tcu_InhCda,0,1596171512.475774
CF_Tcu_InhCda,0,1596171512.496665
CF_Tcu_InhCda,0,1596171512.53713
CF_Tcu_InhCda,0,1596171512.5866039
CF_Tcu_InhCda,0,1596171512.623787
CF_Tcu_InhCda,0,1596171512.75835
CF_Tcu_InhCda,0,1596171512.795552
CF_Tcu_InhCda,0,1596171512.869139
CF_Tcu_InhCda,0,1596171512.8855028
CF_Tcu_InhCda,0,1596171513.0983741
CF_Tcu_InhCda,0,1596171513.106619
CF_Tcu_InhCda,0,1596171513.127028
CF_Tcu_InhCda,0,1596171513.1680481
CF_Tcu_InhCda,0,1596171513.1847131
CF_Tcu_InhCda,0,1596171513.2458868
CF_Tcu_InhCda,0,1596171513.356364
CF_Tcu_InhCda,0,1596171513.397388
CF_Tcu_InhCda,0,1596171513.414184
CF_Tcu_InhCda,0,1596171513.434804
CF_Tcu_InhCda,0,1596171513.495693
CF_Tcu_InhCda,0,1596171513.536556
CF_Tcu_InhCda,0,1596171513.5946748
CF_Tcu_InhCda,0,1596171513.655482
CF_Tcu_InhCda,0,1596171513.667896
CF_Tcu_InhCda,0,1596171513.7086668
CF_Tcu_InhCda,0,1596171513.725398
CF_Tcu_InhCda,0,1596171513.76621
CF_Tcu_InhCda,0,1596171513.8443148
CF_Tcu_InhCda,0,1596171513.8647249
CF_Tcu_InhCda,0,1596171513.8970408
CF_Tcu_InhCda,0,1596171513.93485
CF_Tcu_InhCda,0,1596171513.954762
CF_Tcu_InhCda,0,1596171513.96698
CF_Tcu_InhCda,0,1596171513.97517
CF_Tcu_InhCda,0,1596171513.987169
CF_Tcu_InhCda,0,1596171513.9955251
CF_Tcu_InhCda,0,1596171514.007668
CF_Tcu_InhCda,0,1596171514.0281556
CF_Tcu_InhCda,0,1596171514.03672
CF_Tcu_InhCda,0,1596171514.056792
CF_Tcu_InhCda,0,1596171514.0654712
CF_Tcu_InhCda,0,1596171514.286155
CF_Tcu_InhCda,0,1596171514.294941
CF_Tcu_InhCda,0,1596171514.3441179
CF_Tcu_InhCda,0,1596171514.355747
CF_Tcu_InhCda,0,1596171514.544776
CF_Tcu_InhCda,0,1596171514.5564742
CF_Tcu_InhCda,0,1596171514.565619
CF_Tcu_InhCda,0,1596171514.585259
CF_Tcu_InhCda,0,1596171514.6057851
CF_Tcu_InhCda,0,1596171514.626158
CF_Tcu_InhCda,0,1596171514.745219
CF_Tcu_InhCda,0,1596171514.88827
CF_Tcu_InhCda,0,1596171514.904868
CF_Tcu_InhCda,0,1596171514.994886
CF_Tcu_InhCda,0,1596171515.1750062
CF_Tcu_InhCda,0,1596171515.2651782
CF_Tcu_InhCda,0,1596171515.277368
CF_Tcu_InhCda,0,1596171515.314635
CF_Tcu_InhCda,0,1596171515.465987
CF_Tcu_InhCda,0,1596171515.486274
CF_Tcu_InhCda,0,1596171515.506717
CF_Tcu_InhCda,0,1596171515.527255
CF_Tcu_InhCda,0,1596171515.5440052
CF_Tcu_InhCda,0,1596171515.555882
CF_Tcu_InhCda,0,1596171515.576382
CF_Tcu_InhCda,0,1596171515.585203
CF_Tcu_InhCda,0,1596171515.674736
CF_Tcu_InhCda,0,1596171515.736119
CF_Tcu_InhCda,0,1596171515.867879
CF_Tcu_InhCda,0,1596171515.945353
CF_Tcu_InhCda,0,1596171516.1087732
CF_Tcu_InhCda,0,1596171516.125525
CF_Tcu_InhCda,0,1596171516.1674109
CF_Tcu_InhCda,0,1596171516.4041119
CF_Tcu_InhCda,0,1596171516.42821
CF_Tcu_InhCda,0,1596171516.546918
CF_Tcu_InhCda,0,1596171516.665893
CF_Tcu_InhCda,0,1596171516.6781251
CF_Tcu_InhCda,0,1596171516.756
CF_Tcu_InhCda,0,1596171516.80564
CF_Tcu_InhCda,0,1596171516.837802
CF_Tcu_InhCda,0,1596171516.8870301
CF_Tcu_InhCda,0,1596171516.9566
CF_Tcu_InhCda,0,1596171517.005742
CF_Tcu_InhCda,0,1596171517.026304
CF_Tcu_InhCda,0,1596171517.0384169
CF_Tcu_InhCda,0,1596171517.055135
CF_Tcu_InhCda,0,1596171517.087628
CF_Tcu_InhCda,0,1596171517.104337
CF_Tcu_InhCda,0,1596171517.116588
CF_Tcu_InhCda,0,1596171517.1945658
CF_Tcu_InhCda,0,1596171517.2066288
CF_Tcu_InhCda,0,1596171517.255637
CF_Tcu_InhCda,0,1596171517.288349
CF_Tcu_InhCda,0,1596171517.32566
CF_Tcu_InhCda,0,1596171517.3672268
CF_Tcu_InhCda,0,1596171517.554854
CF_Tcu_InhCda,0,1596171517.604274
CF_Tcu_InhCda,0,1596171517.6569116
CF_Tcu_InhCda,0,1596171517.7061179
CF_Tcu_InhCda,0,1596171517.7553458
CF_Tcu_InhCda,0,1596171517.775734
CF_Tcu_InhCda,0,1596171517.857676
CF_Tcu_InhCda,0,1596171517.866281
CF_Tcu_InhCda,0,1596171517.878231
CF_Tcu_InhCda,0,1596171517.886625
CF_Tcu_InhCda,0,1596171517.906795
CF_Tcu_InhCda,0,1596171517.927401
CF_Tcu_InhCda,0,1596171517.985169
CF_Tcu_InhCda,0,1596171518.0460851
CF_Tcu_InhCda,0,1596171518.054606
CF_Tcu_InhCda,0,1596171518.086994
CF_Tcu_InhCda,0,1596171518.165194
CF_Tcu_InhCda,0,1596171518.177242
CF_Tcu_InhCda,0,1596171518.1858182
CF_Tcu_InhCda,0,1596171518.238585
CF_Tcu_InhCda,0,1596171518.426947
CF_Tcu_InhCda,0,1596171518.525658
CF_Tcu_InhCda,0,1596171518.607206
CF_Tcu_InhCda,0,1596171518.685163
CF_Tcu_InhCda,0,1596171518.74642
CF_Tcu_InhCda,0,1596171518.755199
CF_Tcu_InhCda,0,1596171518.7672331
CF_Tcu_InhCda,0,1596171518.775489
CF_Tcu_InhCda,0,1596171518.7876801
CF_Tcu_InhCda,0,1596171518.8079221
CF_Tcu_InhCda,0,1596171518.824693
CF_Tcu_InhCda,0,1596171518.865634
CF_Tcu_InhCda,0,1596171518.885848
CF_Tcu_InhCda,0,1596171519.0661972
CF_Tcu_InhCda,0,1596171519.078184
CF_Tcu_InhCda,0,1596171519.1069162
CF_Tcu_InhCda,0,1596171519.1237369
CF_Tcu_InhCda,0,1596171519.156003
CF_Tcu_InhCda,0,1596171519.2137444
CF_Tcu_InhCda,0,1596171519.238004
CF_Tcu_InhCda,0,1596171519.2584784
CF_Tcu_InhCda,0,1596171519.365715
CF_Tcu_InhCda,0,1596171519.397625
CF_Tcu_InhCda,0,1596171519.4060009
CF_Tcu_InhCda,0,1596171519.4267242
CF_Tcu_InhCda,0,1596171519.4556348
CF_Tcu_InhCda,0,1596171519.4877698
CF_Tcu_InhCda,0,1596171519.496041
CF_Tcu_InhCda,0,1596171519.5045679
CF_Tcu_InhCda,0,1596171519.586163
CF_Tcu_InhCda,0,1596171519.664258
CF_Tcu_InhCda,0,1596171519.6884198
CF_Tcu_InhCda,0,1596171519.758241
CF_Tcu_InhCda,0,1596171519.824287
CF_Tcu_InhCda,0,1596171519.877017
CF_Tcu_InhCda,0,1596171519.8972821
CF_Tcu_InhCda,0,1596171519.934623
CF_Tcu_InhCda,0,1596171519.9752991
CF_Tcu_InhCda,0,1596171520.057169
CF_Tcu_InhCda,0,1596171520.0738618
CF_Tcu_InhCda,0,1596171520.094528
CF_Tcu_InhCda,0,1596171520.1062331
CF_Tcu_InhCda,0,1596171520.167685
CF_Tcu_InhCda,0,1596171520.2662332
CF_Tcu_InhCda,0,1596171520.274657
CF_Tcu_InhCda,0,1596171520.286643
CF_Tcu_InhCda,0,1596171520.295403
CF_Tcu_InhCda,0,1596171520.3070161
CF_Tcu_InhCda,0,1596171520.327531
CF_Tcu_InhCda,0,1596171520.3562
CF_Tcu_InhCda,0,1596171520.3852382
CF_Tcu_InhCda,0,1596171520.4669702
CF_Tcu_InhCda,0,1596171520.55684
CF_Tcu_InhCda,0,1596171520.5657551
CF_Tcu_InhCda,0,1596171520.606018
CF_Tcu_InhCda,0,1596171520.675663
CF_Tcu_InhCda,0,1596171520.687867
CF_Tcu_InhCda,0,1596171520.7456038
CF_Tcu_InhCda,0,1596171520.8558662
CF_Tcu_InhCda,0,1596171520.8645089
CF_Tcu_InhCda,0,1596171520.888515
CF_Tcu_InhCda,0,1596171520.9259539
CF_Tcu_InhCda,0,1596171520.958245
CF_Tcu_InhCda,0,1596171520.966645
CF_Tcu_InhCda,0,1596171521.015632
CF_Tcu_InhCda,0,1596171521.024089
CF_Tcu_InhCda,0,1596171521.097431
CF_Tcu_InhCda,0,1596171521.146566
CF_Tcu_InhCda,0,1596171521.15522
CF_Tcu_InhCda,0,1596171521.1876569
CF_Tcu_InhCda,0,1596171521.1957939
CF_Tcu_InhCda,0,1596171521.2079961
CF_Tcu_InhCda,0,1596171521.224926
CF_Tcu_InhCda,0,1596171521.277629
CF_Tcu_InhCda,0,1596171521.474792
CF_Tcu_InhCda,0,1596171521.495191
CF_Tcu_InhCda,0,1596171521.523883
CF_Tcu_InhCda,0,1596171521.564904
CF_Tcu_InhCda,0,1596171521.597035
CF_Tcu_InhCda,0,1596171521.605359
CF_Tcu_InhCda,0,1596171521.6380851
CF_Tcu_InhCda,0,1596171521.654954
CF_Tcu_InhCda,0,1596171521.7568731
CF_Tcu_InhCda,0,1596171521.785918
CF_Tcu_InhCda,0,1596171521.7978828
CF_Tcu_InhCda,0,1596171521.8061259
CF_Tcu_InhCda,0,1596171521.8843439
CF_Tcu_InhCda,0,1596171521.8961802
CF_Tcu_InhCda,0,1596171521.904762
CF_Tcu_InhCda,0,1596171522.0066528
CF_Tcu_InhCda,0,1596171522.0763671
CF_Tcu_InhCda,0,1596171522.0850348
CF_Tcu_InhCda,0,1596171522.0969944
CF_Tcu_InhCda,0,1596171522.224262
CF_Tcu_InhCda,0,1596171522.285481
CF_Tcu_InhCda,0,1596171522.297507
CF_Tcu_InhCda,0,1596171522.346667
CF_Tcu_InhCda,0,1596171522.367504
CF_Tcu_InhCda,0,1596171522.383851
CF_Tcu_InhCda,0,1596171522.506516
CF_Tcu_InhCda,0,1596171522.567967
CF_Tcu_InhCda,0,1596171522.6051948
CF_Tcu_InhCda,0,1596171522.645731
CF_Tcu_InhCda,0,1596171522.6543748
CF_Tcu_InhCda,0,1596171522.666496
CF_Tcu_InhCda,0,1596171522.6785321
CF_Tcu_InhCda,0,1596171522.6866698
CF_Tcu_InhCda,0,1596171522.695223
CF_Tcu_InhCda,0,1596171522.776855
CF_Tcu_InhCda,0,1596171522.7971802
CF_Tcu_InhCda,0,1596171522.8750954
CF_Tcu_InhCda,0,1596171522.95705
CF_Tcu_InhCda,0,1596171522.9774706
CF_Tcu_InhCda,0,1596171522.985677
CF_Tcu_InhCda,0,1596171523.134449
CF_Tcu_InhCda,0,1596171523.235591
CF_Tcu_InhCda,0,1596171523.2563386
CF_Tcu_InhCda,0,1596171523.325651
CF_Tcu_InhCda,0,1596171523.395535
CF_Tcu_InhCda,0,1596171523.465476
CF_Tcu_InhCda,0,1596171523.546754
CF_Tcu_InhCda,0,1596171523.55525
CF_Tcu_InhCda,0,1596171523.596318
CF_Tcu_InhCda,0,1596171523.83746
CF_Tcu_InhCda,0,1596171524.165389
CF_Tcu_InhCda,0,1596171524.1775038
CF_Tcu_InhCda,0,1596171524.198059
CF_Tcu_InhCda,0,1596171524.2758482
CF_Tcu_InhCda,0,1596171524.296256
CF_Tcu_InhCda,0,1596171524.357703
CF_Tcu_InhCda,0,1596171524.4969752
CF_Tcu_InhCda,0,1596171524.5670109
CF_Tcu_InhCda,0,1596171524.636357
CF_Tcu_InhCda,0,1596171524.6854012
CF_Tcu_InhCda,0,1596171524.7263944
CF_Tcu_InhCda,0,1596171524.755445
CF_Tcu_InhCda,0,1596171524.804461
CF_Tcu_InhCda,0,1596171524.8861
CF_Tcu_InhCda,0,1596171524.947464
CF_Tcu_InhCda,0,1596171525.017314
CF_Tcu_InhCda,0,1596171525.0258179
CF_Tcu_InhCda,0,1596171525.0375712
CF_Tcu_InhCda,0,1596171525.066646
CF_Tcu_InhCda,0,1596171525.0954828
CF_Tcu_InhCda,0,1596171525.107299
CF_Tcu_InhCda,0,1596171525.165227
CF_Tcu_InhCda,0,1596171525.1851158
CF_Tcu_InhCda,0,1596171525.197291
CF_Tcu_InhCda,0,1596171525.2751832
CF_Tcu_InhCda,0,1596171525.28756
CF_Tcu_InhCda,0,1596171525.295723
CF_Tcu_InhCda,0,1596171525.357248
CF_Tcu_InhCda,0,1596171525.377635
CF_Tcu_InhCda,0,1596171525.406323
CF_Tcu_InhCda,0,1596171525.4964511
CF_Tcu_InhCda,0,1596171525.5342588
CF_Tcu_InhCda,0,1596171525.557817
CF_Tcu_InhCda,0,1596171525.566261
CF_Tcu_InhCda,0,1596171525.684911
CF_Tcu_InhCda,0,1596171525.705321
CF_Tcu_InhCda,0,1596171525.926444
CF_Tcu_InhCda,0,1596171525.93502
CF_Tcu_InhCda,0,1596171525.9554482
CF_Tcu_InhCda,0,1596171525.967701
CF_Tcu_InhCda,0,1596171525.99607
CF_Tcu_InhCda,0,1596171526.0251696
CF_Tcu_InhCda,0,1596171526.057878
CF_Tcu_InhCda,0,1596171526.225764
CF_Tcu_InhCda,0,1596171526.5980966
CF_Tcu_InhCda,0,1596171526.6064188
CF_Tcu_InhCda,0,1596171526.635396
CF_Tcu_InhCda,0,1596171526.647275
CF_Tcu_InhCda,0,1596171526.72516
CF_Tcu_InhCda,0,1596171526.8275056
CF_Tcu_InhCda,0,1596171526.835906
CF_Tcu_InhCda,0,1596171526.86489
CF_Tcu_InhCda,0,1596171526.885209
CF_Tcu_InhCda,0,1596171527.036973
CF_Tcu_InhCda,0,1596171527.057382
CF_Tcu_InhCda,0,1596171527.0773382
CF_Tcu_InhCda,0,1596171527.126472
CF_Tcu_InhCda,0,1596171527.155209
CF_Tcu_InhCda,0,1596171527.254119
CF_Tcu_InhCda,0,1596171527.3968
CF_Tcu_InhCda,0,1596171527.42558
CF_Tcu_InhCda,0,1596171527.4378922
CF_Tcu_InhCda,0,1596171527.467587
CF_Tcu_InhCda,0,1596171527.487252
CF_Tcu_InhCda,0,1596171527.4956481
CF_Tcu_InhCda,0,1596171527.5074232
CF_Tcu_InhCda,0,1596171527.5243
CF_Tcu_InhCda,0,1596171527.5446248
CF_Tcu_InhCda,0,1596171527.5852642
CF_Tcu_InhCda,0,1596171527.593933
CF_Tcu_InhCda,0,1596171527.655179
CF_Tcu_InhCda,0,1596171527.7368212
CF_Tcu_InhCda,0,1596171527.765738
CF_Tcu_InhCda,0,1596171527.7945971
CF_Tcu_InhCda,0,1596171527.8473194
CF_Tcu_InhCda,0,1596171527.986798
CF_Tcu_InhCda,0,1596171528.0854518
CF_Tcu_InhCda,0,1596171528.0972512
CF_Tcu_InhCda,0,1596171528.105875
CF_Tcu_InhCda,0,1596171528.146524
CF_Tcu_InhCda,0,1596171528.1874108
CF_Tcu_InhCda,0,1596171528.265289
CF_Tcu_InhCda,0,1596171528.3266306
CF_Tcu_InhCda,0,1596171528.3351429
CF_Tcu_InhCda,0,1596171528.3469741
CF_Tcu_InhCda,0,1596171528.367541
CF_Tcu_InhCda,0,1596171528.388031
CF_Tcu_InhCda,0,1596171528.396238
CF_Tcu_InhCda,0,1596171528.408426
CF_Tcu_InhCda,0,1596171528.4660199
CF_Tcu_InhCda,0,1596171528.568199
CF_Tcu_InhCda,0,1596171528.6255274
CF_Tcu_InhCda,0,1596171528.6378274
CF_Tcu_InhCda,0,1596171528.744823
CF_Tcu_InhCda,0,1596171528.884665
CF_Tcu_InhCda,0,1596171528.9368262
CF_Tcu_InhCda,0,1596171528.957342
CF_Tcu_InhCda,0,1596171528.96645
CF_Tcu_InhCda,0,1596171528.9779048
CF_Tcu_InhCda,0,1596171528.9860551
CF_Tcu_InhCda,0,1596171529.0064461
CF_Tcu_InhCda,0,1596171529.0642369
CF_Tcu_InhCda,0,1596171529.076065
CF_Tcu_InhCda,0,1596171529.223897
CF_Tcu_InhCda,0,1596171529.256325
CF_Tcu_InhCda,0,1596171529.265168
CF_Tcu_InhCda,0,1596171529.3346062
CF_Tcu_InhCda,0,1596171529.367181
CF_Tcu_InhCda,0,1596171529.436608
CF_Tcu_InhCda,0,1596171529.506144
CF_Tcu_InhCda,0,1596171529.514962
CF_Tcu_InhCda,0,1596171529.576218
CF_Tcu_InhCda,0,1596171529.616919
CF_Tcu_InhCda,0,1596171529.7066948
CF_Tcu_InhCda,0,1596171529.8256538
CF_Tcu_InhCda,0,1596171529.8344119
CF_Tcu_InhCda,0,1596171529.866943
CF_Tcu_InhCda,0,1596171529.8874838
CF_Tcu_InhCda,0,1596171529.89961
CF_Tcu_InhCda,0,1596171529.907435
CF_Tcu_InhCda,0,1596171530.05522
CF_Tcu_InhCda,0,1596171530.165854
CF_Tcu_InhCda,0,1596171530.227042
CF_Tcu_InhCda,0,1596171530.264339
CF_Tcu_InhCda,0,1596171530.2847369
CF_Tcu_InhCda,0,1596171530.366493
CF_Tcu_InhCda,0,1596171530.4768429
CF_Tcu_InhCda,0,1596171530.485461
CF_Tcu_InhCda,0,1596171530.49734
CF_Tcu_InhCda,0,1596171530.50603
CF_Tcu_InhCda,0,1596171530.57527
CF_Tcu_InhCda,0,1596171530.5874119
CF_Tcu_InhCda,0,1596171530.6044958
CF_Tcu_InhCda,0,1596171530.764239
CF_Tcu_InhCda,0,1596171530.775875
CF_Tcu_InhCda,0,1596171530.784651
CF_Tcu_InhCda,0,1596171530.804716
CF_Tcu_InhCda,0,1596171530.866197
CF_Tcu_InhCda,0,1596171531.025856
CF_Tcu_InhCda,0,1596171531.087332
CF_Tcu_InhCda,0,1596171531.165099
CF_Tcu_InhCda,0,1596171531.1855052
CF_Tcu_InhCda,0,1596171531.325094
CF_Tcu_InhCda,0,1596171531.353848
CF_Tcu_InhCda,0,1596171531.386352
CF_Tcu_InhCda,0,1596171531.395023
CF_Tcu_InhCda,0,1596171531.4966679
CF_Tcu_InhCda,0,1596171531.6650329
CF_Tcu_InhCda,0,1596171531.71421
CF_Tcu_InhCda,0,1596171531.787442
CF_Tcu_InhCda,0,1596171531.85708
CF_Tcu_InhCda,0,1596171531.984504
CF_Tcu_InhCda,0,1596171532.005125
CF_Tcu_InhCda,0,1596171532.045577
CF_Tcu_InhCda,0,1596171532.184907
CF_Tcu_InhCda,0,1596171532.3076534
CF_Tcu_InhCda,0,1596171532.316092
CF_Tcu_InhCda,0,1596171532.3446472
CF_Tcu_InhCda,0,1596171532.377298
CF_Tcu_InhCda,0,1596171532.545289
CF_Tcu_InhCda,0,1596171532.557502
CF_Tcu_InhCda,0,1596171532.684899
CF_Tcu_InhCda,0,1596171532.696794
CF_Tcu_InhCda,0,1596171532.885865
CF_Tcu_InhCda,0,1596171532.9061391
CF_Tcu_InhCda,0,1596171532.934842
CF_Tcu_InhCda,0,1596171533.024759
CF_Tcu_InhCda,0,1596171533.0656369
CF_Tcu_InhCda,0,1596171533.126904
CF_Tcu_InhCda,0,1596171533.1555429
CF_Tcu_InhCda,0,1596171533.1678
CF_Tcu_InhCda,0,1596171533.1881301
CF_Tcu_InhCda,0,1596171533.2132812
CF_Tcu_InhCda,0,1596171533.3153892
CF_Tcu_InhCda,0,1596171533.3649151
CF_Tcu_InhCda,0,1596171533.487352
CF_Tcu_InhCda,0,1596171533.4955351
CF_Tcu_InhCda,0,1596171533.5076976
CF_Tcu_InhCda,0,1596171533.545194
CF_Tcu_InhCda,0,1596171533.606532
CF_Tcu_InhCda,0,1596171533.725209
CF_Tcu_InhCda,0,1596171533.7371302
CF_Tcu_InhCda,0,1596171533.757609
CF_Tcu_InhCda,0,1596171533.786485
CF_Tcu_InhCda,0,1596171533.795016
CF_Tcu_InhCda,0,1596171534.0566108
CF_Tcu_InhCda,0,1596171534.106215
CF_Tcu_InhCda,0,1596171534.146706
CF_Tcu_InhCda,0,1596171534.184096
CF_Tcu_InhCda,0,1596171534.204456
CF_Tcu_InhCda,0,1596171534.224808
CF_Tcu_InhCda,0,1596171534.2572742
CF_Tcu_InhCda,0,1596171534.2741199
CF_Tcu_InhCda,0,1596171534.286166
CF_Tcu_InhCda,0,1596171534.3966231
CF_Tcu_InhCda,0,1596171534.405056
CF_Tcu_InhCda,0,1596171534.564874
CF_Tcu_InhCda,0,1596171534.605537
CF_Tcu_InhCda,0,1596171534.6258972
CF_Tcu_InhCda,0,1596171534.6345189
CF_Tcu_InhCda,0,1596171534.654932
CF_Tcu_InhCda,0,1596171534.6671429
CF_Tcu_InhCda,0,1596171534.675143
CF_Tcu_InhCda,0,1596171534.6873279
CF_Tcu_InhCda,0,1596171534.6956394
CF_Tcu_InhCda,0,1596171534.707841
CF_Tcu_InhCda,0,1596171534.7450206
CF_Tcu_InhCda,0,1596171534.773907
CF_Tcu_InhCda,0,1596171534.785697
CF_Tcu_InhCda,0,1596171534.937137
CF_Tcu_InhCda,0,1596171534.966105
CF_Tcu_InhCda,0,1596171534.974441
CF_Tcu_InhCda,0,1596171535.007225
CF_Tcu_InhCda,0,1596171535.07643
CF_Tcu_InhCda,0,1596171535.085283
CF_Tcu_InhCda,0,1596171535.0969012
CF_Tcu_InhCda,0,1596171535.105103
CF_Tcu_InhCda,0,1596171535.113769
CF_Tcu_InhCda,0,1596171535.125684
CF_Tcu_InhCda,0,1596171535.2653391
CF_Tcu_InhCda,0,1596171535.277184
CF_Tcu_InhCda,0,1596171535.285402
CF_Tcu_InhCda,0,1596171535.297586
CF_Tcu_InhCda,0,1596171535.306387
CF_Tcu_InhCda,0,1596171535.3143704
CF_Tcu_InhCda,0,1596171535.584645
CF_Tcu_InhCda,0,1596171535.596574
CF_Tcu_InhCda,0,1596171535.6664808
CF_Tcu_InhCda,0,1596171535.744692
CF_Tcu_InhCda,0,1596171535.8751948
CF_Tcu_InhCda,0,1596171535.8876061
CF_Tcu_InhCda,0,1596171535.907872
CF_Tcu_InhCda,0,1596171535.916449
CF_Tcu_InhCda,0,1596171535.9570231
CF_Tcu_InhCda,0,1596171536.0062554
CF_Tcu_InhCda,0,1596171536.0557551
CF_Tcu_InhCda,0,1596171536.084377
CF_Tcu_InhCda,0,1596171536.134089
CF_Tcu_InhCda,0,1596171536.15764
CF_Tcu_InhCda,0,1596171536.166226
CF_Tcu_InhCda,0,1596171536.178211
CF_Tcu_InhCda,0,1596171536.1868188
CF_Tcu_InhCda,0,1596171536.195189
CF_Tcu_InhCda,0,1596171536.2068968
CF_Tcu_InhCda,0,1596171536.366901
CF_Tcu_InhCda,0,1596171536.416019
CF_Tcu_InhCda,0,1596171536.4362822
CF_Tcu_InhCda,0,1596171536.4567769
CF_Tcu_InhCda,0,1596171536.497772
CF_Tcu_InhCda,0,1596171536.559076
CF_Tcu_InhCda,0,1596171536.567592
CF_Tcu_InhCda,0,1596171536.637197
CF_Tcu_InhCda,0,1596171536.6742392
CF_Tcu_InhCda,0,1596171536.788379
CF_Tcu_InhCda,0,1596171536.805172
CF_Tcu_InhCda,0,1596171536.817342
CF_Tcu_InhCda,0,1596171536.858114
CF_Tcu_InhCda,0,1596171536.8867
CF_Tcu_InhCda,0,1596171536.8952134
CF_Tcu_InhCda,0,1596171536.903701
CF_Tcu_InhCda,0,1596171536.956394
CF_Tcu_InhCda,0,1596171536.9972944
CF_Tcu_InhCda,0,1596171537.075377
CF_Tcu_InhCda,0,1596171537.084106
CF_Tcu_InhCda,0,1596171537.0957274
CF_Tcu_InhCda,0,1596171537.107939
CF_Tcu_InhCda,0,1596171537.165536
CF_Tcu_InhCda,0,1596171537.5753212
CF_Tcu_InhCda,0,1596171537.603949
CF_Tcu_InhCda,0,1596171537.685573
CF_Tcu_InhCda,0,1596171537.6942358
CF_Tcu_InhCda,0,1596171537.705888
CF_Tcu_InhCda,0,1596171537.763833
CF_Tcu_InhCda,0,1596171537.775594
CF_Tcu_InhCda,0,1596171537.8247519
CF_Tcu_InhCda,0,1596171537.8539572
CF_Tcu_InhCda,0,1596171537.956128
CF_Tcu_InhCda,0,1596171537.976641
CF_Tcu_InhCda,0,1596171537.984571
CF_Tcu_InhCda,0,1596171538.1939044
CF_Tcu_InhCda,0,1596171538.254787
CF_Tcu_InhCda,0,1596171538.455455
CF_Tcu_InhCda,0,1596171538.475961
CF_Tcu_InhCda,0,1596171538.554326
CF_Tcu_InhCda,0,1596171538.5745852
CF_Tcu_InhCda,0,1596171538.586561
CF_Tcu_InhCda,0,1596171538.595062
CF_Tcu_InhCda,0,1596171538.6070619
CF_Tcu_InhCda,0,1596171538.623894
CF_Tcu_InhCda,0,1596171538.693542
CF_Tcu_InhCda,0,1596171538.7753458
CF_Tcu_InhCda,0,1596171538.8568358
CF_Tcu_InhCda,0,1596171538.89427
CF_Tcu_InhCda,0,1596171538.934751
CF_Tcu_InhCda,0,1596171538.9842892
CF_Tcu_InhCda,0,1596171538.9960806
CF_Tcu_InhCda,0,1596171539.037089
CF_Tcu_InhCda,0,1596171539.1235242
CF_Tcu_InhCda,0,1596171539.135416
CF_Tcu_InhCda,0,1596171539.176373
CF_Tcu_InhCda,0,1596171539.1849859
CF_Tcu_InhCda,0,1596171539.196865
CF_Tcu_InhCda,0,1596171539.2256398
CF_Tcu_InhCda,0,1596171539.286861
CF_Tcu_InhCda,0,1596171539.393984
CF_Tcu_InhCda,0,1596171539.475898
CF_Tcu_InhCda,0,1596171539.53678
CF_Tcu_InhCda,0,1596171539.545032
CF_Tcu_InhCda,0,1596171539.585949
CF_Tcu_InhCda,0,1596171539.655571
CF_Tcu_InhCda,0,1596171539.676508
CF_Tcu_InhCda,0,1596171539.684594
CF_Tcu_InhCda,0,1596171539.795308
CF_Tcu_InhCda,0,1596171539.80347
CF_Tcu_InhCda,0,1596171539.8649712
CF_Tcu_InhCda,0,1596171539.9343882
CF_Tcu_InhCda,0,1596171540.036672
CF_Tcu_InhCda,0,1596171540.056909
CF_Tcu_InhCda,0,1596171540.077423
CF_Tcu_InhCda,0,1596171540.146978
CF_Tcu_InhCda,0,1596171540.364691
CF_Tcu_InhCda,0,1596171540.376417
CF_Tcu_InhCda,0,1596171540.4343212
CF_Tcu_InhCda,0,1596171540.466773
CF_Tcu_InhCda,0,1596171540.475159
CF_Tcu_InhCda,0,1596171540.536215
CF_Tcu_InhCda,0,1596171540.5733528
CF_Tcu_InhCda,0,1596171540.614464
CF_Tcu_InhCda,0,1596171540.675552
CF_Tcu_InhCda,0,1596171540.6876614
CF_Tcu_InhCda,0,1596171540.7080731
CF_Tcu_InhCda,0,1596171540.724917
CF_Tcu_InhCda,0,1596171540.736942
CF_Tcu_InhCda,0,1596171540.794688
CF_Tcu_InhCda,0,1596171540.806458
CF_Tcu_InhCda,0,1596171540.8147461
CF_Tcu_InhCda,0,1596171540.98685
CF_Tcu_InhCda,0,1596171540.999083
CF_Tcu_InhCda,0,1596171541.0071838
CF_Tcu_InhCda,0,1596171541.0240278
CF_Tcu_InhCda,0,1596171541.0359428
CF_Tcu_InhCda,0,1596171541.06889
CF_Tcu_InhCda,0,1596171541.1672
CF_Tcu_InhCda,0,1596171541.256995
CF_Tcu_InhCda,0,1596171541.3066714
CF_Tcu_InhCda,0,1596171541.347115
CF_Tcu_InhCda,0,1596171541.5559714
CF_Tcu_InhCda,0,1596171541.576648
CF_Tcu_InhCda,0,1596171541.596909
CF_Tcu_InhCda,0,1596171541.605122
CF_Tcu_InhCda,0,1596171541.617672
CF_Tcu_InhCda,0,1596171541.6257658
CF_Tcu_InhCda,0,1596171541.635102
CF_Tcu_InhCda,0,1596171541.6871052
CF_Tcu_InhCda,0,1596171541.7159524
CF_Tcu_InhCda,0,1596171541.789384
CF_Tcu_InhCda,0,1596171541.884662
CF_Tcu_InhCda,0,1596171542.096627
CF_Tcu_InhCda,0,1596171542.17847
CF_Tcu_InhCda,0,1596171542.1951294
CF_Tcu_InhCda,0,1596171542.236973
CF_Tcu_InhCda,0,1596171542.354696
CF_Tcu_InhCda,0,1596171542.424983
CF_Tcu_InhCda,0,1596171542.465417
CF_Tcu_InhCda,0,1596171542.4775472
CF_Tcu_InhCda,0,1596171542.4857788
CF_Tcu_InhCda,0,1596171542.4944706
CF_Tcu_InhCda,0,1596171542.5063722
CF_Tcu_InhCda,0,1596171542.52667
CF_Tcu_InhCda,0,1596171542.809279
CF_Tcu_InhCda,0,1596171542.866883
CF_Tcu_InhCda,0,1596171542.874866
CF_Tcu_InhCda,0,1596171542.936245
CF_Tcu_InhCda,0,1596171542.9854429
CF_Tcu_InhCda,0,1596171543.087832
CF_Tcu_InhCda,0,1596171543.0964322
CF_Tcu_InhCda,0,1596171543.1045609
CF_Tcu_InhCda,0,1596171543.12511
CF_Tcu_InhCda,0,1596171543.223362
CF_Tcu_InhCda,0,1596171543.255817
CF_Tcu_InhCda,0,1596171543.284585
CF_Tcu_InhCda,0,1596171543.334244
CF_Tcu_InhCda,0,1596171543.345859
CF_Tcu_InhCda,0,1596171543.366675
CF_Tcu_InhCda,0,1596171543.374989
CF_Tcu_InhCda,0,1596171543.386823
CF_Tcu_InhCda,0,1596171543.407346
CF_Tcu_InhCda,0,1596171543.4158454
CF_Tcu_InhCda,0,1596171543.6043391
CF_Tcu_InhCda,0,1596171543.616368
CF_Tcu_InhCda,0,1596171543.6246452
CF_Tcu_InhCda,0,1596171543.6570802
CF_Tcu_InhCda,0,1596171543.706392
CF_Tcu_InhCda,0,1596171543.726871
CF_Tcu_InhCda,0,1596171543.7759626
CF_Tcu_InhCda,0,1596171543.8783958
CF_Tcu_InhCda,0,1596171543.9646444
CF_Tcu_InhCda,0,1596171543.9766786
CF_Tcu_InhCda,0,1596171543.9970741
CF_Tcu_InhCda,0,1596171544.005623
CF_Tcu_InhCda,0,1596171544.017834
CF_Tcu_InhCda,0,1596171544.0379784
CF_Tcu_InhCda,0,1596171544.046237
CF_Tcu_InhCda,0,1596171544.087166
CF_Tcu_InhCda,0,1596171544.107662
CF_Tcu_InhCda,0,1596171544.1363368
CF_Tcu_InhCda,0,1596171544.173888
CF_Tcu_InhCda,0,1596171544.246902
CF_Tcu_InhCda,0,1596171544.267479
CF_Tcu_InhCda,0,1596171544.276051
CF_Tcu_InhCda,0,1596171544.3288212
CF_Tcu_InhCda,0,1596171544.345249
CF_Tcu_InhCda,0,1596171544.3574462
CF_Tcu_InhCda,0,1596171544.394925
CF_Tcu_InhCda,0,1596171544.496767
CF_Tcu_InhCda,0,1596171544.5051231
CF_Tcu_InhCda,0,1596171544.578623
CF_Tcu_InhCda,0,1596171544.5952132
CF_Tcu_InhCda,0,1596171544.6073446
CF_Tcu_InhCda,0,1596171544.616549
CF_Tcu_InhCda,0,1596171544.627834
CF_Tcu_InhCda,0,1596171544.705694
CF_Tcu_InhCda,0,1596171544.726197
CF_Tcu_InhCda,0,1596171544.8248448
CF_Tcu_InhCda,0,1596171544.8367321
CF_Tcu_InhCda,0,1596171544.865576
CF_Tcu_InhCda,0,1596171544.894786
CF_Tcu_InhCda,0,1596171544.906409
CF_Tcu_InhCda,0,1596171544.9350662
CF_Tcu_InhCda,0,1596171545.1562788
CF_Tcu_InhCda,0,1596171545.176692
CF_Tcu_InhCda,0,1596171545.197163
CF_Tcu_InhCda,0,1596171545.225824
CF_Tcu_InhCda,0,1596171545.2586
CF_Tcu_InhCda,0,1596171545.287198
CF_Tcu_InhCda,0,1596171545.3162801
CF_Tcu_InhCda,0,1596171545.344668
CF_Tcu_InhCda,0,1596171545.414838
CF_Tcu_InhCda,0,1596171545.487936
CF_Tcu_InhCda,0,1596171545.496227
CF_Tcu_InhCda,0,1596171545.504663
CF_Tcu_InhCda,0,1596171545.52527
CF_Tcu_InhCda,0,1596171545.545391
CF_Tcu_InhCda,0,1596171545.557524
CF_Tcu_InhCda,0,1596171545.5745368
CF_Tcu_InhCda,0,1596171545.586247
CF_Tcu_InhCda,0,1596171545.594833
CF_Tcu_InhCda,0,1596171545.606668
CF_Tcu_InhCda,0,1596171545.655898
CF_Tcu_InhCda,0,1596171545.676346
CF_Tcu_InhCda,0,1596171545.734208
CF_Tcu_InhCda,0,1596171545.74601
CF_Tcu_InhCda,0,1596171545.7668428
CF_Tcu_InhCda,0,1596171545.775092
CF_Tcu_InhCda,0,1596171545.786967
CF_Tcu_InhCda,0,1596171545.795724
CF_Tcu_InhCda,0,1596171545.815897
CF_Tcu_InhCda,0,1596171545.885302
CF_Tcu_InhCda,0,1596171545.94676
CF_Tcu_InhCda,0,1596171545.9548788
CF_Tcu_InhCda,0,1596171545.97537
CF_Tcu_InhCda,0,1596171546.0572102
CF_Tcu_InhCda,0,1596171546.0859964
CF_Tcu_InhCda,0,1596171546.1068132
CF_Tcu_InhCda,0,1596171546.126878
CF_Tcu_InhCda,0,1596171546.15626
CF_Tcu_InhCda,0,1596171546.1643698
CF_Tcu_InhCda,0,1596171546.205168
CF_Tcu_InhCda,0,1596171546.3562748
CF_Tcu_InhCda,0,1596171546.364908
CF_Tcu_InhCda,0,1596171546.376694
CF_Tcu_InhCda,0,1596171546.385833
CF_Tcu_InhCda,0,1596171546.397294
CF_Tcu_InhCda,0,1596171546.405995
CF_Tcu_InhCda,0,1596171546.5041249
CF_Tcu_InhCda,0,1596171546.667548
CF_Tcu_InhCda,0,1596171546.675849
CF_Tcu_InhCda,0,1596171546.7455306
CF_Tcu_InhCda,0,1596171546.896852
CF_Tcu_InhCda,0,1596171546.9460568
CF_Tcu_InhCda,0,1596171546.987329
CF_Tcu_InhCda,0,1596171546.9954472
CF_Tcu_InhCda,0,1596171547.0074449
CF_Tcu_InhCda,0,1596171547.0770829
CF_Tcu_InhCda,0,1596171547.2249222
CF_Tcu_InhCda,0,1596171547.236898
CF_Tcu_InhCda,0,1596171547.2656848
CF_Tcu_InhCda,0,1596171547.2860546
CF_Tcu_InhCda,0,1596171547.306525
CF_Tcu_InhCda,0,1596171547.376124
CF_Tcu_InhCda,0,1596171547.544834
CF_Tcu_InhCda,0,1596171547.585393
CF_Tcu_InhCda,0,1596171547.6054711
CF_Tcu_InhCda,0,1596171547.654743
CF_Tcu_InhCda,0,1596171547.6670449
CF_Tcu_InhCda,0,1596171547.6955788
CF_Tcu_InhCda,0,1596171547.704118
CF_Tcu_InhCda,0,1596171547.8553524
CF_Tcu_InhCda,0,1596171547.86416
CF_Tcu_InhCda,0,1596171547.8881881
CF_Tcu_InhCda,0,1596171547.904526
CF_Tcu_InhCda,0,1596171547.9661274
CF_Tcu_InhCda,0,1596171548.044286
CF_Tcu_InhCda,0,1596171548.113782
CF_Tcu_InhCda,0,1596171548.125781
CF_Tcu_InhCda,0,1596171548.187202
CF_Tcu_InhCda,0,1596171548.3636901
CF_Tcu_InhCda,0,1596171548.425133
CF_Tcu_InhCda,0,1596171548.445266
CF_Tcu_InhCda,0,1596171548.486315
CF_Tcu_InhCda,0,1596171548.5068989
CF_Tcu_InhCda,0,1596171548.514949
CF_Tcu_InhCda,0,1596171548.564266
CF_Tcu_InhCda,0,1596171548.584783
CF_Tcu_InhCda,0,1596171548.6868289
CF_Tcu_InhCda,0,1596171548.7652311
CF_Tcu_InhCda,0,1596171548.7769768
CF_Tcu_InhCda,0,1596171548.789143
CF_Tcu_InhCda,0,1596171548.797354
CF_Tcu_InhCda,0,1596171548.9658
CF_Tcu_InhCda,0,1596171549.047168
CF_Tcu_InhCda,0,1596171549.0677152
CF_Tcu_InhCda,0,1596171549.075952
CF_Tcu_InhCda,0,1596171549.137749
CF_Tcu_InhCda,0,1596171549.2442794
CF_Tcu_InhCda,0,1596171549.28491
CF_Tcu_InhCda,0,1596171549.334342
CF_Tcu_InhCda,0,1596171549.367004
CF_Tcu_InhCda,0,1596171549.374839
CF_Tcu_InhCda,0,1596171549.3871832
CF_Tcu_InhCda,0,1596171549.4860132
CF_Tcu_InhCda,0,1596171549.526418
CF_Tcu_InhCda,0,1596171549.624789
CF_Tcu_InhCda,0,1596171549.6370618
CF_Tcu_InhCda,0,1596171549.665984
CF_Tcu_InhCda,0,1596171549.68629
CF_Tcu_InhCda,0,1596171549.6949296
CF_Tcu_InhCda,0,1596171549.7150972
CF_Tcu_InhCda,0,1596171549.7645106
CF_Tcu_InhCda,0,1596171549.8750222
CF_Tcu_InhCda,0,1596171549.944912
CF_Tcu_InhCda,0,1596171550.0465658
CF_Tcu_InhCda,0,1596171550.067372
CF_Tcu_InhCda,0,1596171550.104236
CF_Tcu_InhCda,0,1596171550.15392
CF_Tcu_InhCda,0,1596171550.226793
CF_Tcu_InhCda,0,1596171550.26426
CF_Tcu_InhCda,0,1596171550.284834
CF_Tcu_InhCda,0,1596171550.3255026
CF_Tcu_InhCda,0,1596171550.36641
CF_Tcu_InhCda,0,1596171550.505458
CF_Tcu_InhCda,0,1596171550.5140858
CF_Tcu_InhCda,0,1596171550.5258946
CF_Tcu_InhCda,0,1596171550.5668788
CF_Tcu_InhCda,0,1596171550.5753891
CF_Tcu_InhCda,0,1596171550.628223
CF_Tcu_InhCda,0,1596171550.6856372
CF_Tcu_InhCda,0,1596171550.837054
CF_Tcu_InhCda,0,1596171550.9158552
CF_Tcu_InhCda,0,1596171550.9558
CF_Tcu_InhCda,0,1596171550.9967492
CF_Tcu_InhCda,0,1596171551.004986
CF_Tcu_InhCda,0,1596171551.025505
CF_Tcu_InhCda,0,1596171551.0459466
CF_Tcu_InhCda,0,1596171551.1361248
CF_Tcu_InhCda,0,1596171551.1688268
CF_Tcu_InhCda,0,1596171551.177071
CF_Tcu_InhCda,0,1596171551.1855972
CF_Tcu_InhCda,0,1596171551.267354
CF_Tcu_InhCda,0,1596171551.287601
CF_Tcu_InhCda,0,1596171551.374285
CF_Tcu_InhCda,0,1596171551.4354172
CF_Tcu_InhCda,0,1596171551.5949726
CF_Tcu_InhCda,0,1596171551.6361456
CF_Tcu_InhCda,0,1596171551.656182
CF_Tcu_InhCda,0,1596171551.697202
CF_Tcu_InhCda,0,1596171551.734519
CF_Tcu_InhCda,0,1596171551.775187
CF_Tcu_InhCda,0,1596171551.816396
CF_Tcu_InhCda,0,1596171551.8568408
CF_Tcu_InhCda,0,1596171551.8944721
CF_Tcu_InhCda,0,1596171551.926678
CF_Tcu_InhCda,0,1596171551.935246
CF_Tcu_InhCda,0,1596171552.0252562
CF_Tcu_InhCda,0,1596171552.037122
CF_Tcu_InhCda,0,1596171552.066978
CF_Tcu_InhCda,0,1596171552.086401
CF_Tcu_InhCda,0,1596171552.135524
CF_Tcu_InhCda,0,1596171552.155946
CF_Tcu_InhCda,0,1596171552.254626
CF_Tcu_InhCda,0,1596171552.3074946
CF_Tcu_InhCda,0,1596171552.316031
CF_Tcu_InhCda,0,1596171552.327917
CF_Tcu_InhCda,0,1596171552.368932
CF_Tcu_InhCda,0,1596171552.434836
CF_Tcu_InhCda,0,1596171552.4638796
CF_Tcu_InhCda,0,1596171552.528634
CF_Tcu_InhCda,0,1596171552.545092
CF_Tcu_InhCda,0,1596171552.606494
CF_Tcu_InhCda,0,1596171552.6270444
CF_Tcu_InhCda,0,1596171552.639125
CF_Tcu_InhCda,0,1596171552.643766
CF_Tcu_InhCda,0,1596171552.6641948
CF_Tcu_InhCda,0,1596171552.676162
CF_Tcu_InhCda,0,1596171552.7051892
CF_Tcu_InhCda,0,1596171552.7664454
CF_Tcu_InhCda,0,1596171552.8563
CF_Tcu_InhCda,0,1596171552.905514
CF_Tcu_InhCda,0,1596171552.914054
CF_Tcu_InhCda,0,1596171552.9259279
CF_Tcu_InhCda,0,1596171552.9344716
CF_Tcu_InhCda,0,1596171552.967124
CF_Tcu_InhCda,0,1596171553.007914
CF_Tcu_InhCda,0,1596171553.12665
CF_Tcu_InhCda,0,1596171553.237228
CF_Tcu_InhCda,0,1596171553.2660632
CF_Tcu_InhCda,0,1596171553.278265
CF_Tcu_InhCda,0,1596171553.3072839
CF_Tcu_InhCda,0,1596171553.3236759
CF_Tcu_InhCda,0,1596171553.3356268
CF_Tcu_InhCda,0,1596171553.344241
CF_Tcu_InhCda,0,1596171553.376436
CF_Tcu_InhCda,0,1596171553.397025
CF_Tcu_InhCda,0,1596171553.434368
CF_Tcu_InhCda,0,1596171553.474901
CF_Tcu_InhCda,0,1596171553.487259
CF_Tcu_InhCda,0,1596171553.49536
CF_Tcu_InhCda,0,1596171553.507489
CF_Tcu_InhCda,0,1596171553.5281348
CF_Tcu_InhCda,0,1596171553.5567482
CF_Tcu_InhCda,0,1596171553.5656009
CF_Tcu_InhCda,0,1596171553.577286
CF_Tcu_InhCda,0,1596171553.7742321
CF_Tcu_InhCda,0,1596171553.786048
CF_Tcu_InhCda,0,1596171553.7949882
CF_Tcu_InhCda,0,1596171553.806585
CF_Tcu_InhCda,0,1596171553.827063
CF_Tcu_InhCda,0,1596171553.884768
CF_Tcu_InhCda,0,1596171553.937514
CF_Tcu_InhCda,0,1596171554.015616
CF_Tcu_InhCda,0,1596171554.036275
CF_Tcu_InhCda,0,1596171554.085126
CF_Tcu_InhCda,0,1596171554.1055694
CF_Tcu_InhCda,0,1596171554.1382024
CF_Tcu_InhCda,0,1596171554.155165
CF_Tcu_InhCda,0,1596171554.1672919
CF_Tcu_InhCda,0,1596171554.19578
CF_Tcu_InhCda,0,1596171554.3149598
CF_Tcu_InhCda,0,1596171554.347151
CF_Tcu_InhCda,0,1596171554.404865
CF_Tcu_InhCda,0,1596171554.425465
CF_Tcu_InhCda,0,1596171554.437356
CF_Tcu_InhCda,0,1596171554.457806
CF_Tcu_InhCda,0,1596171554.474624
CF_Tcu_InhCda,0,1596171554.5647788
CF_Tcu_InhCda,0,1596171554.617485
CF_Tcu_InhCda,0,1596171554.6379151
CF_Tcu_InhCda,0,1596171554.707546
CF_Tcu_InhCda,0,1596171554.736511
CF_Tcu_InhCda,0,1596171554.7568488
CF_Tcu_InhCda,0,1596171554.794349
CF_Tcu_InhCda,0,1596171554.954103
CF_Tcu_InhCda,0,1596171554.97453
CF_Tcu_InhCda,0,1596171555.0066829
CF_Tcu_InhCda,0,1596171555.055804
CF_Tcu_InhCda,0,1596171555.3384
CF_Tcu_InhCda,0,1596171555.355469
CF_Tcu_InhCda,0,1596171555.3753011
CF_Tcu_InhCda,0,1596171555.404267
CF_Tcu_InhCda,0,1596171555.453486
CF_Tcu_InhCda,0,1596171555.4657762
CF_Tcu_InhCda,0,1596171555.575941
CF_Tcu_InhCda,0,1596171555.604991
CF_Tcu_InhCda,0,1596171555.6251109
CF_Tcu_InhCda,0,1596171555.723858
CF_Tcu_InhCda,0,1596171555.744308
CF_Tcu_InhCda,0,1596171555.8257198
CF_Tcu_InhCda,0,1596171555.875242
CF_Tcu_InhCda,0,1596171555.895544
CF_Tcu_InhCda,0,1596171555.904284
CF_Tcu_InhCda,0,1596171555.9161432
CF_Tcu_InhCda,0,1596171555.936429
CF_Tcu_InhCda,0,1596171555.9568794
CF_Tcu_InhCda,0,1596171556.1453538
CF_Tcu_InhCda,0,1596171556.235717
CF_Tcu_InhCda,0,1596171556.3343182
CF_Tcu_InhCda,0,1596171556.3459802
CF_Tcu_InhCda,0,1596171556.3869731
CF_Tcu_InhCda,0,1596171556.407349
CF_Tcu_InhCda,0,1596171556.4770482
CF_Tcu_InhCda,0,1596171556.4975412
CF_Tcu_InhCda,0,1596171556.534844
CF_Tcu_InhCda,0,1596171556.5548868
CF_Tcu_InhCda,0,1596171556.616673
CF_Tcu_InhCda,0,1596171556.7155268
CF_Tcu_InhCda,0,1596171556.796488
CF_Tcu_InhCda,0,1596171556.8169546
CF_Tcu_InhCda,0,1596171556.8254552
CF_Tcu_InhCda,0,1596171556.8374012
CF_Tcu_InhCda,0,1596171556.8750448
CF_Tcu_InhCda,0,1596171556.9070768
CF_Tcu_InhCda,0,1596171556.9850311
CF_Tcu_InhCda,0,1596171557.075438
CF_Tcu_InhCda,0,1596171557.1040509
CF_Tcu_InhCda,0,1596171557.116554
CF_Tcu_InhCda,0,1596171557.1775098
CF_Tcu_InhCda,0,1596171557.374366
CF_Tcu_InhCda,0,1596171557.386317
CF_Tcu_InhCda,0,1596171557.395206
CF_Tcu_InhCda,0,1596171557.406718
CF_Tcu_InhCda,0,1596171557.427376
CF_Tcu_InhCda,0,1596171557.435866
CF_Tcu_InhCda,0,1596171557.444297
CF_Tcu_InhCda,0,1596171557.4766939
CF_Tcu_InhCda,0,1596171557.6160212
CF_Tcu_InhCda,0,1596171557.665053
CF_Tcu_InhCda,0,1596171557.677264
CF_Tcu_InhCda,0,1596171557.685462
CF_Tcu_InhCda,0,1596171557.697514
CF_Tcu_InhCda,0,1596171557.705805
CF_Tcu_InhCda,0,1596171557.714559
CF_Tcu_InhCda,0,1596171557.7263231
CF_Tcu_InhCda,0,1596171557.7348552
CF_Tcu_InhCda,0,1596171557.755001
CF_Tcu_InhCda,0,1596171557.804435
CF_Tcu_InhCda,0,1596171557.9064288
CF_Tcu_InhCda,0,1596171557.984682
CF_Tcu_InhCda,0,1596171557.9965508
CF_Tcu_InhCda,0,1596171558.078532
CF_Tcu_InhCda,0,1596171558.136014
CF_Tcu_InhCda,0,1596171558.275182
CF_Tcu_InhCda,0,1596171558.2874131
CF_Tcu_InhCda,0,1596171558.296034
CF_Tcu_InhCda,0,1596171558.3163471
CF_Tcu_InhCda,0,1596171558.3282702
CF_Tcu_InhCda,0,1596171558.3369422
CF_Tcu_InhCda,0,1596171558.377635
CF_Tcu_InhCda,0,1596171558.5168052
CF_Tcu_InhCda,0,1596171558.554065
CF_Tcu_InhCda,0,1596171558.598779
CF_Tcu_InhCda,0,1596171558.6068392
CF_Tcu_InhCda,0,1596171558.619124
CF_Tcu_InhCda,0,1596171558.627344
CF_Tcu_InhCda,0,1596171558.668285
CF_Tcu_InhCda,0,1596171558.926293
CF_Tcu_InhCda,0,1596171558.955039
CF_Tcu_InhCda,0,1596171558.967257
CF_Tcu_InhCda,0,1596171559.02487
CF_Tcu_InhCda,0,1596171559.036774
CF_Tcu_InhCda,0,1596171559.115479
CF_Tcu_InhCda,0,1596171559.17614
CF_Tcu_InhCda,0,1596171559.1848161
CF_Tcu_InhCda,0,1596171559.1966422
CF_Tcu_InhCda,0,1596171559.205248
CF_Tcu_InhCda,0,1596171559.217223
CF_Tcu_InhCda,0,1596171559.2257204
CF_Tcu_InhCda,0,1596171559.234389
CF_Tcu_InhCda,0,1596171559.2665546
CF_Tcu_InhCda,0,1596171559.3071842
CF_Tcu_InhCda,0,1596171559.315684
CF_Tcu_InhCda,0,1596171559.3239539
CF_Tcu_InhCda,0,1596171559.4756448
CF_Tcu_InhCda,0,1596171559.49562
CF_Tcu_InhCda,0,1596171559.5041976
CF_Tcu_InhCda,0,1596171559.5694149
CF_Tcu_InhCda,0,1596171559.606216
CF_Tcu_InhCda,0,1596171559.64706
CF_Tcu_InhCda,0,1596171559.696262
CF_Tcu_InhCda,0,1596171559.7167552
CF_Tcu_InhCda,0,1596171559.786479
CF_Tcu_InhCda,0,1596171559.806937
CF_Tcu_InhCda,0,1596171559.827389
CF_Tcu_InhCda,0,1596171559.835957
CF_Tcu_InhCda,0,1596171559.8655632
CF_Tcu_InhCda,0,1596171560.036254
CF_Tcu_InhCda,0,1596171560.0773551
CF_Tcu_InhCda,0,1596171560.0855231
CF_Tcu_InhCda,0,1596171560.097805
CF_Tcu_InhCda,0,1596171560.1059232
CF_Tcu_InhCda,0,1596171560.1148949
CF_Tcu_InhCda,0,1596171560.1264439
CF_Tcu_InhCda,0,1596171560.204743
CF_Tcu_InhCda,0,1596171560.265671
CF_Tcu_InhCda,0,1596171560.3559208
CF_Tcu_InhCda,0,1596171560.3681278
CF_Tcu_InhCda,0,1596171560.3848178
CF_Tcu_InhCda,0,1596171560.5036821
CF_Tcu_InhCda,0,1596171560.515809
CF_Tcu_InhCda,0,1596171560.536076
CF_Tcu_InhCda,0,1596171560.675307
CF_Tcu_InhCda,0,1596171560.687394
CF_Tcu_InhCda,0,1596171560.696116
CF_Tcu_InhCda,0,1596171560.70801
CF_Tcu_InhCda,0,1596171560.7247891
CF_Tcu_InhCda,0,1596171560.757281
CF_Tcu_InhCda,0,1596171560.7858748
CF_Tcu_InhCda,0,1596171560.794423
CF_Tcu_InhCda,0,1596171560.9170651
CF_Tcu_InhCda,0,1596171560.937242
CF_Tcu_InhCda,0,1596171560.957748
CF_Tcu_InhCda,0,1596171560.966399
CF_Tcu_InhCda,0,1596171560.974647
CF_Tcu_InhCda,0,1596171560.9865751
CF_Tcu_InhCda,0,1596171560.998739
CF_Tcu_InhCda,0,1596171561.0153222
CF_Tcu_InhCda,0,1596171561.056658
CF_Tcu_InhCda,0,1596171561.068377
CF_Tcu_InhCda,0,1596171561.085189
CF_Tcu_InhCda,0,1596171561.1749706
CF_Tcu_InhCda,0,1596171561.184054
CF_Tcu_InhCda,0,1596171561.2652562
CF_Tcu_InhCda,0,1596171561.285746
CF_Tcu_InhCda,0,1596171561.306026
CF_Tcu_InhCda,0,1596171561.3347268
CF_Tcu_InhCda,0,1596171561.346863
CF_Tcu_InhCda,0,1596171561.396041
CF_Tcu_InhCda,0,1596171561.564358
CF_Tcu_InhCda,0,1596171561.5763829
CF_Tcu_InhCda,0,1596171561.588598
CF_Tcu_InhCda,0,1596171561.596971
CF_Tcu_InhCda,0,1596171561.604961
CF_Tcu_InhCda,0,1596171561.6173398
CF_Tcu_InhCda,0,1596171561.7164881
CF_Tcu_InhCda,0,1596171561.736219
CF_Tcu_InhCda,0,1596171561.8588128
CF_Tcu_InhCda,0,1596171561.8757386
CF_Tcu_InhCda,0,1596171561.973982
CF_Tcu_InhCda,0,1596171561.9859211
CF_Tcu_InhCda,0,1596171562.0350258
CF_Tcu_InhCda,0,1596171562.0554738
CF_Tcu_InhCda,0,1596171562.1342258
CF_Tcu_InhCda,0,1596171562.166315
CF_Tcu_InhCda,0,1596171562.186604
CF_Tcu_InhCda,0,1596171562.207075
CF_Tcu_InhCda,0,1596171562.265022
CF_Tcu_InhCda,0,1596171562.276788
CF_Tcu_InhCda,0,1596171562.4568572
CF_Tcu_InhCda,0,1596171562.4661188
CF_Tcu_InhCda,0,1596171562.4774456
CF_Tcu_InhCda,0,1596171562.485805
CF_Tcu_InhCda,0,1596171562.498016
CF_Tcu_InhCda,0,1596171562.5061078
CF_Tcu_InhCda,0,1596171562.5182562
CF_Tcu_InhCda,0,1596171562.5843039
CF_Tcu_InhCda,0,1596171562.625073
CF_Tcu_InhCda,0,1596171562.695133
CF_Tcu_InhCda,0,1596171562.7356231
CF_Tcu_InhCda,0,1596171562.776406
CF_Tcu_InhCda,0,1596171562.87499
CF_Tcu_InhCda,0,1596171562.887021
CF_Tcu_InhCda,0,1596171562.915806
CF_Tcu_InhCda,0,1596171563.034528
CF_Tcu_InhCda,0,1596171563.055306
CF_Tcu_InhCda,0,1596171563.06761
CF_Tcu_InhCda,0,1596171563.084023
CF_Tcu_InhCda,0,1596171563.09595
CF_Tcu_InhCda,0,1596171563.108018
CF_Tcu_InhCda,0,1596171563.3169858
CF_Tcu_InhCda,0,1596171563.337344
CF_Tcu_InhCda,0,1596171563.3456721
CF_Tcu_InhCda,0,1596171563.367193
CF_Tcu_InhCda,0,1596171563.386606
CF_Tcu_InhCda,0,1596171563.407069
CF_Tcu_InhCda,0,1596171563.575125
CF_Tcu_InhCda,0,1596171563.9273481
CF_Tcu_InhCda,0,1596171563.968281
CF_Tcu_InhCda,0,1596171563.985026
CF_Tcu_InhCda,0,1596171564.005538
CF_Tcu_InhCda,0,1596171564.046052
CF_Tcu_InhCda,0,1596171564.107459
CF_Tcu_InhCda,0,1596171564.1565402
CF_Tcu_InhCda,0,1596171564.205724
CF_Tcu_InhCda,0,1596171564.226292
CF_Tcu_InhCda,0,1596171564.255021
CF_Tcu_InhCda,0,1596171564.267489
CF_Tcu_InhCda,0,1596171564.287756
CF_Tcu_InhCda,0,1596171564.4148462
CF_Tcu_InhCda,0,1596171564.4642172
CF_Tcu_InhCda,0,1596171564.504828
CF_Tcu_InhCda,0,1596171564.534105
CF_Tcu_InhCda,0,1596171564.566598
CF_Tcu_InhCda,0,1596171564.5869591
CF_Tcu_InhCda,0,1596171564.595037
CF_Tcu_InhCda,0,1596171564.6276338
CF_Tcu_InhCda,0,1596171564.6855052
CF_Tcu_InhCda,0,1596171564.784457
CF_Tcu_InhCda,0,1596171564.824733
CF_Tcu_InhCda,0,1596171564.865618
CF_Tcu_InhCda,0,1596171564.885845
CF_Tcu_InhCda,0,1596171564.9267929
CF_Tcu_InhCda,0,1596171564.943626
CF_Tcu_InhCda,0,1596171564.963916
CF_Tcu_InhCda,0,1596171565.025106
CF_Tcu_InhCda,0,1596171565.156286
CF_Tcu_InhCda,0,1596171565.324312
CF_Tcu_InhCda,0,1596171565.3447769
CF_Tcu_InhCda,0,1596171565.356711
CF_Tcu_InhCda,0,1596171565.3651774
CF_Tcu_InhCda,0,1596171565.394041
CF_Tcu_InhCda,0,1596171565.455374
CF_Tcu_InhCda,0,1596171565.467304
CF_Tcu_InhCda,0,1596171565.4758806
CF_Tcu_InhCda,0,1596171565.4842448
CF_Tcu_InhCda,0,1596171565.4959419
CF_Tcu_InhCda,0,1596171565.5945866
CF_Tcu_InhCda,0,1596171565.6352706
CF_Tcu_InhCda,0,1596171565.7053401
CF_Tcu_InhCda,0,1596171565.725856
CF_Tcu_InhCda,0,1596171565.7670028
CF_Tcu_InhCda,0,1596171565.7748652
CF_Tcu_InhCda,0,1596171565.78674
CF_Tcu_InhCda,0,1596171565.864774
CF_Tcu_InhCda,0,1596171565.9550238
CF_Tcu_InhCda,0,1596171566.004287
CF_Tcu_InhCda,0,1596171566.0164099
CF_Tcu_InhCda,0,1596171566.11505
CF_Tcu_InhCda,0,1596171566.134919
CF_Tcu_InhCda,0,1596171566.2456374
CF_Tcu_InhCda,0,1596171566.306947
CF_Tcu_InhCda,0,1596171566.3649569
CF_Tcu_InhCda,0,1596171566.37655
CF_Tcu_InhCda,0,1596171566.3851788
CF_Tcu_InhCda,0,1596171566.417626
CF_Tcu_InhCda,0,1596171566.466901
CF_Tcu_InhCda,0,1596171566.594284
CF_Tcu_InhCda,0,1596171566.6059024
CF_Tcu_InhCda,0,1596171566.655701
CF_Tcu_InhCda,0,1596171566.6675699
CF_Tcu_InhCda,0,1596171566.71684
CF_Tcu_InhCda,0,1596171566.815198
CF_Tcu_InhCda,0,1596171566.9171321
CF_Tcu_InhCda,0,1596171566.934269
CF_Tcu_InhCda,0,1596171566.94585
CF_Tcu_InhCda,0,1596171566.9544706
CF_Tcu_InhCda,0,1596171566.9665
CF_Tcu_InhCda,0,1596171566.9785821
CF_Tcu_InhCda,0,1596171567.0162284
CF_Tcu_InhCda,0,1596171567.146602
CF_Tcu_InhCda,0,1596171567.224849
CF_Tcu_InhCda,0,1596171567.2369401
CF_Tcu_InhCda,0,1596171567.2572422
CF_Tcu_InhCda,0,1596171567.265619
CF_Tcu_InhCda,0,1596171567.274042
CF_Tcu_InhCda,0,1596171567.425472
CF_Tcu_InhCda,0,1596171567.454138
CF_Tcu_InhCda,0,1596171567.5162725
CF_Tcu_InhCda,0,1596171567.535806
CF_Tcu_InhCda,0,1596171567.609354
CF_Tcu_InhCda,0,1596171567.806041
CF_Tcu_InhCda,0,1596171567.83501
CF_Tcu_InhCda,0,1596171567.855665
CF_Tcu_InhCda,0,1596171567.8756561
CF_Tcu_InhCda,0,1596171567.9166439
CF_Tcu_InhCda,0,1596171567.957498
CF_Tcu_InhCda,0,1596171568.105176
CF_Tcu_InhCda,0,1596171568.1173391
CF_Tcu_InhCda,0,1596171568.1255524
CF_Tcu_InhCda,0,1596171568.137816
CF_Tcu_InhCda,0,1596171568.158265
CF_Tcu_InhCda,0,1596171568.1666028
CF_Tcu_InhCda,0,1596171568.4166028
CF_Tcu_InhCda,0,1596171568.424934
CF_Tcu_InhCda,0,1596171568.4572618
CF_Tcu_InhCda,0,1596171568.506475
CF_Tcu_InhCda,0,1596171568.526954
CF_Tcu_InhCda,0,1596171568.535569
CF_Tcu_InhCda,0,1596171568.564349
CF_Tcu_InhCda,0,1596171568.5760262
CF_Tcu_InhCda,0,1596171568.596513
CF_Tcu_InhCda,0,1596171568.61699
CF_Tcu_InhCda,0,1596171568.6342561
CF_Tcu_InhCda,0,1596171568.695198
CF_Tcu_InhCda,0,1596171568.736075
CF_Tcu_InhCda,0,1596171568.756393
CF_Tcu_InhCda,0,1596171568.813961
CF_Tcu_InhCda,0,1596171568.8259141
CF_Tcu_InhCda,0,1596171568.965412
CF_Tcu_InhCda,0,1596171568.9737954
CF_Tcu_InhCda,0,1596171568.9858449
CF_Tcu_InhCda,0,1596171568.994391
CF_Tcu_InhCda,0,1596171569.0060632
CF_Tcu_InhCda,0,1596171569.0146382
CF_Tcu_InhCda,0,1596171569.035135
CF_Tcu_InhCda,0,1596171569.0556679
CF_Tcu_InhCda,0,1596171569.108445
CF_Tcu_InhCda,0,1596171569.206757
CF_Tcu_InhCda,0,1596171569.235517
CF_Tcu_InhCda,0,1596171569.296819
CF_Tcu_InhCda,0,1596171569.305414
CF_Tcu_InhCda,0,1596171569.325911
CF_Tcu_InhCda,0,1596171569.3460624
CF_Tcu_InhCda,0,1596171569.366691
CF_Tcu_InhCda,0,1596171569.399498
CF_Tcu_InhCda,0,1596171569.4037206
CF_Tcu_InhCda,0,1596171569.424232
CF_Tcu_InhCda,0,1596171569.436172
CF_Tcu_InhCda,0,1596171569.584224
CF_Tcu_InhCda,0,1596171569.59593
CF_Tcu_InhCda,0,1596171569.624972
CF_Tcu_InhCda,0,1596171569.6368792
CF_Tcu_InhCda,0,1596171569.657347
CF_Tcu_InhCda,0,1596171569.6859891
CF_Tcu_InhCda,0,1596171569.694815
CF_Tcu_InhCda,0,1596171569.726926
CF_Tcu_InhCda,0,1596171569.796567
CF_Tcu_InhCda,0,1596171569.8341029
CF_Tcu_InhCda,0,1596171569.9071438
CF_Tcu_InhCda,0,1596171569.9240694
CF_Tcu_InhCda,0,1596171569.935842
CF_Tcu_InhCda,0,1596171569.997392
CF_Tcu_InhCda,0,1596171570.067061
CF_Tcu_InhCda,0,1596171570.095583
CF_Tcu_InhCda,0,1596171570.1163788
CF_Tcu_InhCda,0,1596171570.1656342
CF_Tcu_InhCda,0,1596171570.20611
CF_Tcu_InhCda,0,1596171570.2154932
CF_Tcu_InhCda,0,1596171570.226746
CF_Tcu_InhCda,0,1596171570.2351842
CF_Tcu_InhCda,0,1596171570.25529
CF_Tcu_InhCda,0,1596171570.296236
CF_Tcu_InhCda,0,1596171570.366199
CF_Tcu_InhCda,0,1596171570.4355464
CF_Tcu_InhCda,0,1596171570.47645
CF_Tcu_InhCda,0,1596171570.48508
CF_Tcu_InhCda,0,1596171570.496994
CF_Tcu_InhCda,0,1596171570.5054774
CF_Tcu_InhCda,0,1596171570.517428
CF_Tcu_InhCda,0,1596171570.525671
CF_Tcu_InhCda,0,1596171570.5378401
CF_Tcu_InhCda,0,1596171570.55833
CF_Tcu_InhCda,0,1596171570.587029
CF_Tcu_InhCda,0,1596171570.603733
CF_Tcu_InhCda,0,1596171570.7145758
CF_Tcu_InhCda,0,1596171570.78778
CF_Tcu_InhCda,0,1596171570.7967188
CF_Tcu_InhCda,0,1596171570.816751
CF_Tcu_InhCda,0,1596171570.8252318
CF_Tcu_InhCda,0,1596171570.8743448
CF_Tcu_InhCda,0,1596171570.886334
CF_Tcu_InhCda,0,1596171570.927048
CF_Tcu_InhCda,0,1596171571.025335
CF_Tcu_InhCda,0,1596171571.099402
CF_Tcu_InhCda,0,1596171571.1036339
CF_Tcu_InhCda,0,1596171571.1365151
CF_Tcu_InhCda,0,1596171571.185351
CF_Tcu_InhCda,0,1596171571.324747
CF_Tcu_InhCda,0,1596171571.385757
CF_Tcu_InhCda,0,1596171571.4155588
CF_Tcu_InhCda,0,1596171571.4267118
CF_Tcu_InhCda,0,1596171571.435215
CF_Tcu_InhCda,0,1596171571.464016
CF_Tcu_InhCda,0,1596171571.504905
CF_Tcu_InhCda,0,1596171571.746177
CF_Tcu_InhCda,0,1596171571.766796
CF_Tcu_InhCda,0,1596171571.7752962
CF_Tcu_InhCda,0,1596171571.803956
CF_Tcu_InhCda,0,1596171571.816154
CF_Tcu_InhCda,0,1596171571.84504
CF_Tcu_InhCda,0,1596171571.914907
CF_Tcu_InhCda,0,1596171571.9961052
CF_Tcu_InhCda,0,1596171572.016843
CF_Tcu_InhCda,0,1596171572.036999
CF_Tcu_InhCda,0,1596171572.045266
CF_Tcu_InhCda,0,1596171572.077898
CF_Tcu_InhCda,0,1596171572.266394
CF_Tcu_InhCda,0,1596171572.295216
CF_Tcu_InhCda,0,1596171572.3161712
CF_Tcu_InhCda,0,1596171572.483917
CF_Tcu_InhCda,0,1596171572.504316
CF_Tcu_InhCda,0,1596171572.5368161
CF_Tcu_InhCda,0,1596171572.626816
CF_Tcu_InhCda,0,1596171572.635069
CF_Tcu_InhCda,0,1596171572.6759694
CF_Tcu_InhCda,0,1596171572.7251186
CF_Tcu_InhCda,0,1596171572.876652
CF_Tcu_InhCda,0,1596171572.885247
CF_Tcu_InhCda,0,1596171572.8971071
CF_Tcu_InhCda,0,1596171572.905552
CF_Tcu_InhCda,0,1596171572.9176152
CF_Tcu_InhCda,0,1596171572.9379141
CF_Tcu_InhCda,0,1596171573.105985
CF_Tcu_InhCda,0,1596171573.155169
CF_Tcu_InhCda,0,1596171573.175686
CF_Tcu_InhCda,0,1596171573.184214
CF_Tcu_InhCda,0,1596171573.1961892
CF_Tcu_InhCda,0,1596171573.237066
CF_Tcu_InhCda,0,1596171573.294761
CF_Tcu_InhCda,0,1596171573.344193
CF_Tcu_InhCda,0,1596171573.388421
CF_Tcu_InhCda,0,1596171573.4050698
CF_Tcu_InhCda,0,1596171573.475092
CF_Tcu_InhCda,0,1596171573.4868882
CF_Tcu_InhCda,0,1596171573.4994502
CF_Tcu_InhCda,0,1596171573.50359
CF_Tcu_InhCda,0,1596171573.5364952
CF_Tcu_InhCda,0,1596171573.5564249
CF_Tcu_InhCda,0,1596171573.577109
CF_Tcu_InhCda,0,1596171573.5853472
CF_Tcu_InhCda,0,1596171573.605692
CF_Tcu_InhCda,0,1596171573.757173
CF_Tcu_InhCda,0,1596171573.77405
CF_Tcu_InhCda,0,1596171573.78589
CF_Tcu_InhCda,0,1596171573.794718
CF_Tcu_InhCda,0,1596171573.806777
CF_Tcu_InhCda,0,1596171573.815381
CF_Tcu_InhCda,0,1596171573.8965142
CF_Tcu_InhCda,0,1596171573.9337852
CF_Tcu_InhCda,0,1596171573.995162
CF_Tcu_InhCda,0,1596171574.0652359
CF_Tcu_InhCda,0,1596171574.0768151
CF_Tcu_InhCda,0,1596171574.1668131
CF_Tcu_InhCda,0,1596171574.187218
CF_Tcu_InhCda,0,1596171574.24466
CF_Tcu_InhCda,0,1596171574.285665
CF_Tcu_InhCda,0,1596171574.3061109
CF_Tcu_InhCda,0,1596171574.364165
CF_Tcu_InhCda,0,1596171574.384326
CF_Tcu_InhCda,0,1596171574.39629
CF_Tcu_InhCda,0,1596171574.404809
CF_Tcu_InhCda,0,1596171574.4166949
CF_Tcu_InhCda,0,1596171574.4249961
CF_Tcu_InhCda,0,1596171574.437242
CF_Tcu_InhCda,0,1596171574.466649
CF_Tcu_InhCda,0,1596171574.6747806
CF_Tcu_InhCda,0,1596171574.686899
CF_Tcu_InhCda,0,1596171574.6952806
CF_Tcu_InhCda,0,1596171574.71667
CF_Tcu_InhCda,0,1596171574.736165
CF_Tcu_InhCda,0,1596171574.7940528
CF_Tcu_InhCda,0,1596171574.875672
CF_Tcu_InhCda,0,1596171574.904595
CF_Tcu_InhCda,0,1596171574.957236
CF_Tcu_InhCda,0,1596171574.9861438
CF_Tcu_InhCda,0,1596171574.994575
CF_Tcu_InhCda,0,1596171575.006459
CF_Tcu_InhCda,0,1596171575.0274172
CF_Tcu_InhCda,0,1596171575.035378
CF_Tcu_InhCda,0,1596171575.067968
CF_Tcu_InhCda,0,1596171575.1948931
CF_Tcu_InhCda,0,1596171575.264662
CF_Tcu_InhCda,0,1596171575.2767448
CF_Tcu_InhCda,0,1596171575.285523
CF_Tcu_InhCda,0,1596171575.297301
CF_Tcu_InhCda,0,1596171575.3059099
CF_Tcu_InhCda,0,1596171575.314121
CF_Tcu_InhCda,0,1596171575.375094
CF_Tcu_InhCda,0,1596171575.3836648
CF_Tcu_InhCda,0,1596171575.45733
CF_Tcu_InhCda,0,1596171575.576309
CF_Tcu_InhCda,0,1596171575.584314
CF_Tcu_InhCda,0,1596171575.5962882
CF_Tcu_InhCda,0,1596171575.6576939
CF_Tcu_InhCda,0,1596171575.776628
CF_Tcu_InhCda,0,1596171575.784711
CF_Tcu_InhCda,0,1596171575.814
CF_Tcu_InhCda,0,1596171575.887139
CF_Tcu_InhCda,0,1596171575.907556
CF_Tcu_InhCda,0,1596171575.927949
CF_Tcu_InhCda,0,1596171575.957123
CF_Tcu_InhCda,0,1596171576.0057876
CF_Tcu_InhCda,0,1596171576.0144598
CF_Tcu_InhCda,0,1596171576.02645
CF_Tcu_InhCda,0,1596171576.136883
CF_Tcu_InhCda,0,1596171576.1573286
CF_Tcu_InhCda,0,1596171576.1659331
CF_Tcu_InhCda,0,1596171576.186384
CF_Tcu_InhCda,0,1596171576.198525
CF_Tcu_InhCda,0,1596171576.2070458
CF_Tcu_InhCda,0,1596171576.215827
CF_Tcu_InhCda,0,1596171576.226963
CF_Tcu_InhCda,0,1596171576.3664029
CF_Tcu_InhCda,0,1596171576.424066
CF_Tcu_InhCda,0,1596171576.4562922
CF_Tcu_InhCda,0,1596171576.465698
CF_Tcu_InhCda,0,1596171576.555406
CF_Tcu_InhCda,0,1596171576.5751512
CF_Tcu_InhCda,0,1596171576.5956511
CF_Tcu_InhCda,0,1596171576.604228
CF_Tcu_InhCda,0,1596171576.787935
CF_Tcu_InhCda,0,1596171576.8085618
CF_Tcu_InhCda,0,1596171576.816971
CF_Tcu_InhCda,0,1596171576.874549
CF_Tcu_InhCda,0,1596171576.88643
CF_Tcu_InhCda,0,1596171576.9068868
CF_Tcu_InhCda,0,1596171577.0257046
CF_Tcu_InhCda,0,1596171577.0748742
CF_Tcu_InhCda,0,1596171577.087073
CF_Tcu_InhCda,0,1596171577.095401
CF_Tcu_InhCda,0,1596171577.107477
CF_Tcu_InhCda,0,1596171577.205847
CF_Tcu_InhCda,0,1596171577.243228
CF_Tcu_InhCda,0,1596171577.2550569
CF_Tcu_InhCda,0,1596171577.324724
CF_Tcu_InhCda,0,1596171577.3371148
CF_Tcu_InhCda,0,1596171577.366009
CF_Tcu_InhCda,0,1596171577.394589
CF_Tcu_InhCda,0,1596171577.406579
CF_Tcu_InhCda,0,1596171577.464772
CF_Tcu_InhCda,0,1596171577.4764092
CF_Tcu_InhCda,0,1596171577.505346
CF_Tcu_InhCda,0,1596171577.62406
CF_Tcu_InhCda,0,1596171577.665719
CF_Tcu_InhCda,0,1596171577.68561
CF_Tcu_InhCda,0,1596171577.7059839
CF_Tcu_InhCda,0,1596171577.7145278
CF_Tcu_InhCda,0,1596171577.804302
CF_Tcu_InhCda,0,1596171577.8449018
CF_Tcu_InhCda,0,1596171577.857053
CF_Tcu_InhCda,0,1596171577.967808
CF_Tcu_InhCda,0,1596171577.9845881
CF_Tcu_InhCda,0,1596171578.0947351
CF_Tcu_InhCda,0,1596171578.1165938
CF_Tcu_InhCda,0,1596171578.127409
CF_Tcu_InhCda,0,1596171578.266901
CF_Tcu_InhCda,0,1596171578.27537
CF_Tcu_InhCda,0,1596171578.287235
CF_Tcu_InhCda,0,1596171578.295434
CF_Tcu_InhCda,0,1596171578.307625
CF_Tcu_InhCda,0,1596171578.3449721
CF_Tcu_InhCda,0,1596171578.405979
CF_Tcu_InhCda,0,1596171578.484173
CF_Tcu_InhCda,0,1596171578.5248694
CF_Tcu_InhCda,0,1596171578.536921
CF_Tcu_InhCda,0,1596171578.5660338
CF_Tcu_InhCda,0,1596171578.586603
CF_Tcu_InhCda,0,1596171578.5947046
CF_Tcu_InhCda,0,1596171578.6066
CF_Tcu_InhCda,0,1596171578.6159039
CF_Tcu_InhCda,0,1596171578.655853
CF_Tcu_InhCda,0,1596171578.8566089
CF_Tcu_InhCda,0,1596171578.894018
CF_Tcu_InhCda,0,1596171578.9752884
CF_Tcu_InhCda,0,1596171579.004385
CF_Tcu_InhCda,0,1596171579.024508
CF_Tcu_InhCda,0,1596171579.085896
CF_Tcu_InhCda,0,1596171579.135138
CF_Tcu_InhCda,0,1596171579.167837
CF_Tcu_InhCda,0,1596171579.175984
CF_Tcu_InhCda,0,1596171579.184599
CF_Tcu_InhCda,0,1596171579.196486
CF_Tcu_InhCda,0,1596171579.205259
CF_Tcu_InhCda,0,1596171579.2866461
CF_Tcu_InhCda,0,1596171579.327507
CF_Tcu_InhCda,0,1596171579.4343731
CF_Tcu_InhCda,0,1596171579.446269
CF_Tcu_InhCda,0,1596171579.454515
CF_Tcu_InhCda,0,1596171579.467308
CF_Tcu_InhCda,0,1596171579.475063
CF_Tcu_InhCda,0,1596171579.487231
CF_Tcu_InhCda,0,1596171579.536454
CF_Tcu_InhCda,0,1596171579.655552
CF_Tcu_InhCda,0,1596171579.855916
CF_Tcu_InhCda,0,1596171579.8653178
CF_Tcu_InhCda,0,1596171579.905098
CF_Tcu_InhCda,0,1596171579.966573
CF_Tcu_InhCda,0,1596171580.027935
CF_Tcu_InhCda,0,1596171580.056535
CF_Tcu_InhCda,0,1596171580.0657039
CF_Tcu_InhCda,0,1596171580.085341
CF_Tcu_InhCda,0,1596171580.105761
CF_Tcu_InhCda,0,1596171580.2450519
CF_Tcu_InhCda,0,1596171580.306447
CF_Tcu_InhCda,0,1596171580.3643851
CF_Tcu_InhCda,0,1596171580.4252534
CF_Tcu_InhCda,0,1596171580.466517
CF_Tcu_InhCda,0,1596171580.494874
CF_Tcu_InhCda,0,1596171580.5158231
CF_Tcu_InhCda,0,1596171580.7246652
CF_Tcu_InhCda,0,1596171580.786007
CF_Tcu_InhCda,0,1596171580.8388472
CF_Tcu_InhCda,0,1596171580.896217
CF_Tcu_InhCda,0,1596171580.93342
CF_Tcu_InhCda,0,1596171580.9540968
CF_Tcu_InhCda,0,1596171580.9661498
CF_Tcu_InhCda,0,1596171580.978178
CF_Tcu_InhCda,0,1596171580.9863849
CF_Tcu_InhCda,0,1596171581.0440152
CF_Tcu_InhCda,0,1596171581.064872
CF_Tcu_InhCda,0,1596171581.146025
CF_Tcu_InhCda,0,1596171581.224315
CF_Tcu_InhCda,0,1596171581.2363482
CF_Tcu_InhCda,0,1596171581.3144078
CF_Tcu_InhCda,0,1596171581.3958962
CF_Tcu_InhCda,0,1596171581.4041226
CF_Tcu_InhCda,0,1596171581.4537401
CF_Tcu_InhCda,0,1596171581.474123
CF_Tcu_InhCda,0,1596171581.5233886
CF_Tcu_InhCda,0,1596171581.5353198
CF_Tcu_InhCda,0,1596171581.55602
CF_Tcu_InhCda,0,1596171581.576191
CF_Tcu_InhCda,0,1596171581.5847812
CF_Tcu_InhCda,0,1596171581.6256711
CF_Tcu_InhCda,0,1596171581.793619
CF_Tcu_InhCda,0,1596171581.8550432
CF_Tcu_InhCda,0,1596171581.866958
CF_Tcu_InhCda,0,1596171581.887327
CF_Tcu_InhCda,0,1596171581.93665
CF_Tcu_InhCda,0,1596171581.965598
CF_Tcu_InhCda,0,1596171582.006091
CF_Tcu_InhCda,0,1596171582.035481
CF_Tcu_InhCda,0,1596171582.104861
CF_Tcu_InhCda,0,1596171582.1252642
CF_Tcu_InhCda,0,1596171582.157678
CF_Tcu_InhCda,0,1596171582.178105
CF_Tcu_InhCda,0,1596171582.194635
CF_Tcu_InhCda,0,1596171582.235616
CF_Tcu_InhCda,0,1596171582.2559779
CF_Tcu_InhCda,0,1596171582.265302
CF_Tcu_InhCda,0,1596171582.2847278
CF_Tcu_InhCda,0,1596171582.32565
CF_Tcu_InhCda,0,1596171582.456724
CF_Tcu_InhCda,0,1596171582.4662158
CF_Tcu_InhCda,0,1596171582.477176
CF_Tcu_InhCda,0,1596171582.485493
CF_Tcu_InhCda,0,1596171582.518208
CF_Tcu_InhCda,0,1596171582.5552
CF_Tcu_InhCda,0,1596171582.5640774
CF_Tcu_InhCda,0,1596171582.633535
CF_Tcu_InhCda,0,1596171582.686128
CF_Tcu_InhCda,0,1596171582.706636
CF_Tcu_InhCda,0,1596171582.72705
CF_Tcu_InhCda,0,1596171582.8174238
CF_Tcu_InhCda,0,1596171582.8949711
CF_Tcu_InhCda,0,1596171582.9648252
CF_Tcu_InhCda,0,1596171582.997449
CF_Tcu_InhCda,0,1596171583.026071
CF_Tcu_InhCda,0,1596171583.058743
CF_Tcu_InhCda,0,1596171583.0670118
CF_Tcu_InhCda,0,1596171583.075247
CF_Tcu_InhCda,0,1596171583.087504
CF_Tcu_InhCda,0,1596171583.124812
CF_Tcu_InhCda,0,1596171583.325367
CF_Tcu_InhCda,0,1596171583.3372471
CF_Tcu_InhCda,0,1596171583.357772
CF_Tcu_InhCda,0,1596171583.36672
CF_Tcu_InhCda,0,1596171583.3782868
CF_Tcu_InhCda,0,1596171583.4069462
CF_Tcu_InhCda,0,1596171583.423903
CF_Tcu_InhCda,0,1596171583.4561222
CF_Tcu_InhCda,0,1596171583.484792
CF_Tcu_InhCda,0,1596171583.526189
CF_Tcu_InhCda,0,1596171583.624445
CF_Tcu_InhCda,0,1596171583.767492
CF_Tcu_InhCda,0,1596171583.784102
CF_Tcu_InhCda,0,1596171583.816813
CF_Tcu_InhCda,0,1596171583.927247
CF_Tcu_InhCda,0,1596171583.935681
CF_Tcu_InhCda,0,1596171583.95584
CF_Tcu_InhCda,0,1596171583.965066
CF_Tcu_InhCda,0,1596171583.9764562
CF_Tcu_InhCda,0,1596171583.996667
CF_Tcu_InhCda,0,1596171584.033954
CF_Tcu_InhCda,0,1596171584.05444
CF_Tcu_InhCda,0,1596171584.086828
CF_Tcu_InhCda,0,1596171584.12403
CF_Tcu_InhCda,0,1596171584.185302
CF_Tcu_InhCda,0,1596171584.197511
CF_Tcu_InhCda,0,1596171584.2347472
CF_Tcu_InhCda,0,1596171584.2551339
CF_Tcu_InhCda,0,1596171584.267076
CF_Tcu_InhCda,0,1596171584.275379
CF_Tcu_InhCda,0,1596171584.336842
CF_Tcu_InhCda,0,1596171584.496423
CF_Tcu_InhCda,0,1596171584.505215
CF_Tcu_InhCda,0,1596171584.545603
CF_Tcu_InhCda,0,1596171584.578292
CF_Tcu_InhCda,0,1596171584.607061
CF_Tcu_InhCda,0,1596171584.6357741
CF_Tcu_InhCda,0,1596171584.6652038
CF_Tcu_InhCda,0,1596171584.685225
CF_Tcu_InhCda,0,1596171584.7141368
CF_Tcu_InhCda,0,1596171584.7346072
CF_Tcu_InhCda,0,1596171584.774967
CF_Tcu_InhCda,0,1596171584.787166
CF_Tcu_InhCda,0,1596171584.795988
CF_Tcu_InhCda,0,1596171584.816206
CF_Tcu_InhCda,0,1596171584.8244462
CF_Tcu_InhCda,0,1596171584.836333
CF_Tcu_InhCda,0,1596171584.8568769
CF_Tcu_InhCda,0,1596171584.9637408
CF_Tcu_InhCda,0,1596171584.975703
CF_Tcu_InhCda,0,1596171585.0536351
CF_Tcu_InhCda,0,1596171585.0744572
CF_Tcu_InhCda,0,1596171585.106726
CF_Tcu_InhCda,0,1596171585.118977
CF_Tcu_InhCda,0,1596171585.127229
CF_Tcu_InhCda,0,1596171585.135443
CF_Tcu_InhCda,0,1596171585.1971312
CF_Tcu_InhCda,0,1596171585.266573
CF_Tcu_InhCda,0,1596171585.376971
CF_Tcu_InhCda,0,1596171585.41805
CF_Tcu_InhCda,0,1596171585.4346788
CF_Tcu_InhCda,0,1596171585.4553368
CF_Tcu_InhCda,0,1596171585.467208
CF_Tcu_InhCda,0,1596171585.4839618
CF_Tcu_InhCda,0,1596171585.496012
CF_Tcu_InhCda,0,1596171585.52475
CF_Tcu_InhCda,0,1596171585.5367591
CF_Tcu_InhCda,0,1596171585.573968
CF_Tcu_InhCda,0,1596171585.676074
CF_Tcu_InhCda,0,1596171585.684274
CF_Tcu_InhCda,0,1596171585.69649
CF_Tcu_InhCda,0,1596171585.7170649
CF_Tcu_InhCda,0,1596171585.7252052
CF_Tcu_InhCda,0,1596171585.7373078
CF_Tcu_InhCda,0,1596171585.754234
CF_Tcu_InhCda,0,1596171585.835807
CF_Tcu_InhCda,0,1596171585.9959779
CF_Tcu_InhCda,0,1596171586.007738
CF_Tcu_InhCda,0,1596171586.024642
CF_Tcu_InhCda,0,1596171586.036389
CF_Tcu_InhCda,0,1596171586.065514
CF_Tcu_InhCda,0,1596171586.0980759
CF_Tcu_InhCda,0,1596171586.126605
CF_Tcu_InhCda,0,1596171586.164018
CF_Tcu_InhCda,0,1596171586.184278
CF_Tcu_InhCda,0,1596171586.2744794
CF_Tcu_InhCda,0,1596171586.286279
CF_Tcu_InhCda,0,1596171586.306954
CF_Tcu_InhCda,0,1596171586.3358002
CF_Tcu_InhCda,0,1596171586.355813
CF_Tcu_InhCda,0,1596171586.434132
CF_Tcu_InhCda,0,1596171586.524264
CF_Tcu_InhCda,0,1596171586.573447
CF_Tcu_InhCda,0,1596171586.5940142
CF_Tcu_InhCda,0,1596171586.6057339
CF_Tcu_InhCda,0,1596171586.6148179
CF_Tcu_InhCda,0,1596171586.638577
CF_Tcu_InhCda,0,1596171586.6552598
CF_Tcu_InhCda,0,1596171586.7336562
CF_Tcu_InhCda,0,1596171586.8847492
CF_Tcu_InhCda,0,1596171586.937459
CF_Tcu_InhCda,0,1596171586.966275
CF_Tcu_InhCda,0,1596171586.9866822
CF_Tcu_InhCda,0,1596171587.0034618
CF_Tcu_InhCda,0,1596171587.023896
CF_Tcu_InhCda,0,1596171587.056291
CF_Tcu_InhCda,0,1596171587.065419
CF_Tcu_InhCda,0,1596171587.1959648
CF_Tcu_InhCda,0,1596171587.21629
CF_Tcu_InhCda,0,1596171587.224322
CF_Tcu_InhCda,0,1596171587.236574
CF_Tcu_InhCda,0,1596171587.25693
CF_Tcu_InhCda,0,1596171587.3352342
CF_Tcu_InhCda,0,1596171587.486485
CF_Tcu_InhCda,0,1596171587.515394
CF_Tcu_InhCda,0,1596171587.527212
CF_Tcu_InhCda,0,1596171587.5361214
CF_Tcu_InhCda,0,1596171587.674777
CF_Tcu_InhCda,0,1596171587.716049
CF_Tcu_InhCda,0,1596171588.064487
CF_Tcu_InhCda,0,1596171588.076211
CF_Tcu_InhCda,0,1596171588.0966609
CF_Tcu_InhCda,0,1596171588.104914
CF_Tcu_InhCda,0,1596171588.11718
CF_Tcu_InhCda,0,1596171588.137484
CF_Tcu_InhCda,0,1596171588.154332
CF_Tcu_InhCda,0,1596171588.18692
CF_Tcu_InhCda,0,1596171588.215958
CF_Tcu_InhCda,0,1596171588.2563572
CF_Tcu_InhCda,0,1596171588.3755012
CF_Tcu_InhCda,0,1596171588.3959758
CF_Tcu_InhCda,0,1596171588.404217
CF_Tcu_InhCda,0,1596171588.4571
CF_Tcu_InhCda,0,1596171588.5963671
CF_Tcu_InhCda,0,1596171588.6044722
CF_Tcu_InhCda,0,1596171588.62505
CF_Tcu_InhCda,0,1596171588.6335628
CF_Tcu_InhCda,0,1596171588.6540382
CF_Tcu_InhCda,0,1596171588.674686
CF_Tcu_InhCda,0,1596171588.765218
CF_Tcu_InhCda,0,1596171588.8461099
CF_Tcu_InhCda,0,1596171588.956727
CF_Tcu_InhCda,0,1596171588.965333
CF_Tcu_InhCda,0,1596171588.97717
CF_Tcu_InhCda,0,1596171588.9858694
CF_Tcu_InhCda,0,1596171589.006342
CF_Tcu_InhCda,0,1596171589.0181599
CF_Tcu_InhCda,0,1596171589.0386438
CF_Tcu_InhCda,0,1596171589.084084
CF_Tcu_InhCda,0,1596171589.104365
CF_Tcu_InhCda,0,1596171589.116736
CF_Tcu_InhCda,0,1596171589.265038
CF_Tcu_InhCda,0,1596171589.296694
CF_Tcu_InhCda,0,1596171589.333905
CF_Tcu_InhCda,0,1596171589.3786259
CF_Tcu_InhCda,0,1596171589.465013
CF_Tcu_InhCda,0,1596171589.4854221
CF_Tcu_InhCda,0,1596171589.5055628
CF_Tcu_InhCda,0,1596171589.554786
CF_Tcu_InhCda,0,1596171589.567063
CF_Tcu_InhCda,0,1596171589.587478
CF_Tcu_InhCda,0,1596171589.636584
CF_Tcu_InhCda,0,1596171589.677569
CF_Tcu_InhCda,0,1596171589.7231052
CF_Tcu_InhCda,0,1596171589.7844648
CF_Tcu_InhCda,0,1596171589.845557
CF_Tcu_InhCda,0,1596171589.8543038
CF_Tcu_InhCda,0,1596171589.86636
CF_Tcu_InhCda,0,1596171589.874756
CF_Tcu_InhCda,0,1596171589.8864598
CF_Tcu_InhCda,0,1596171589.903606
CF_Tcu_InhCda,0,1596171589.9154902
CF_Tcu_InhCda,0,1596171589.927399
CF_Tcu_InhCda,0,1596171589.936076
CF_Tcu_InhCda,0,1596171590.095417
CF_Tcu_InhCda,0,1596171590.165341
CF_Tcu_InhCda,0,1596171590.1979806
CF_Tcu_InhCda,0,1596171590.234838
CF_Tcu_InhCda,0,1596171590.2676039
CF_Tcu_InhCda,0,1596171590.2755818
CF_Tcu_InhCda,0,1596171590.28425
CF_Tcu_InhCda,0,1596171590.3663
CF_Tcu_InhCda,0,1596171590.4646668
CF_Tcu_InhCda,0,1596171590.496727
CF_Tcu_InhCda,0,1596171590.5050359
CF_Tcu_InhCda,0,1596171590.5136454
CF_Tcu_InhCda,0,1596171590.525515
CF_Tcu_InhCda,0,1596171590.537677
CF_Tcu_InhCda,0,1596171590.554532
CF_Tcu_InhCda,0,1596171590.5664961
CF_Tcu_InhCda,0,1596171590.586882
CF_Tcu_InhCda,0,1596171590.595178
CF_Tcu_InhCda,0,1596171590.6362
CF_Tcu_InhCda,0,1596171590.6445482
CF_Tcu_InhCda,0,1596171590.685466
CF_Tcu_InhCda,0,1596171590.7056642
CF_Tcu_InhCda,0,1596171590.7957306
CF_Tcu_InhCda,0,1596171590.8043132
CF_Tcu_InhCda,0,1596171590.943782
CF_Tcu_InhCda,0,1596171591.01723
CF_Tcu_InhCda,0,1596171591.0865018
CF_Tcu_InhCda,0,1596171591.095134
CF_Tcu_InhCda,0,1596171591.1070874
CF_Tcu_InhCda,0,1596171591.115725
CF_Tcu_InhCda,0,1596171591.123895
CF_Tcu_InhCda,0,1596171591.135778
CF_Tcu_InhCda,0,1596171591.1687126
CF_Tcu_InhCda,0,1596171591.366345
CF_Tcu_InhCda,0,1596171591.377383
CF_Tcu_InhCda,0,1596171591.386039
CF_Tcu_InhCda,0,1596171591.3980448
CF_Tcu_InhCda,0,1596171591.406492
CF_Tcu_InhCda,0,1596171591.4183831
CF_Tcu_InhCda,0,1596171591.426475
CF_Tcu_InhCda,0,1596171591.455227
CF_Tcu_InhCda,0,1596171591.484489
CF_Tcu_InhCda,0,1596171591.578064
CF_Tcu_InhCda,0,1596171591.7174358
CF_Tcu_InhCda,0,1596171591.7870872
CF_Tcu_InhCda,0,1596171591.795166
CF_Tcu_InhCda,0,1596171591.807424
CF_Tcu_InhCda,0,1596171591.824151
CF_Tcu_InhCda,0,1596171591.893974
CF_Tcu_InhCda,0,1596171591.926243
CF_Tcu_InhCda,0,1596171591.9754
CF_Tcu_InhCda,0,1596171591.9876142
CF_Tcu_InhCda,0,1596171591.996232
CF_Tcu_InhCda,0,1596171592.008136
CF_Tcu_InhCda,0,1596171592.0248652
CF_Tcu_InhCda,0,1596171592.0573108
CF_Tcu_InhCda,0,1596171592.1556098
CF_Tcu_InhCda,0,1596171592.164874
CF_Tcu_InhCda,0,1596171592.254168
CF_Tcu_InhCda,0,1596171592.266124
CF_Tcu_InhCda,0,1596171592.286668
CF_Tcu_InhCda,0,1596171592.295298
CF_Tcu_InhCda,0,1596171592.307172
CF_Tcu_InhCda,0,1596171592.4260108
CF_Tcu_InhCda,0,1596171592.454591
CF_Tcu_InhCda,0,1596171592.5366678
CF_Tcu_InhCda,0,1596171592.565584
CF_Tcu_InhCda,0,1596171592.5856788
CF_Tcu_InhCda,0,1596171592.655742
CF_Tcu_InhCda,0,1596171592.664103
CF_Tcu_InhCda,0,1596171592.766161
CF_Tcu_InhCda,0,1596171592.7862706
CF_Tcu_InhCda,0,1596171592.806806
CF_Tcu_InhCda,0,1596171592.835597
CF_Tcu_InhCda,0,1596171592.8649511
CF_Tcu_InhCda,0,1596171592.8765068
CF_Tcu_InhCda,0,1596171592.885081
CF_Tcu_InhCda,0,1596171592.8969114
CF_Tcu_InhCda,0,1596171592.9052422
CF_Tcu_InhCda,0,1596171592.9174302
CF_Tcu_InhCda,0,1596171592.9665751
CF_Tcu_InhCda,0,1596171593.003784
CF_Tcu_InhCda,0,1596171593.0658374
CF_Tcu_InhCda,0,1596171593.1262982
CF_Tcu_InhCda,0,1596171593.1346052
CF_Tcu_InhCda,0,1596171593.155273
CF_Tcu_InhCda,0,1596171593.1674528
CF_Tcu_InhCda,0,1596171593.175853
CF_Tcu_InhCda,0,1596171593.18764
CF_Tcu_InhCda,0,1596171593.257458
CF_Tcu_InhCda,0,1596171593.376151
CF_Tcu_InhCda,0,1596171593.454533
CF_Tcu_InhCda,0,1596171593.4784858
CF_Tcu_InhCda,0,1596171593.486707
CF_Tcu_InhCda,0,1596171593.495266
CF_Tcu_InhCda,0,1596171593.5071821
CF_Tcu_InhCda,0,1596171593.51652
CF_Tcu_InhCda,0,1596171593.523917
CF_Tcu_InhCda,0,1596171593.56549
CF_Tcu_InhCda,0,1596171593.576781
CF_Tcu_InhCda,0,1596171593.5974019
CF_Tcu_InhCda,0,1596171593.626049
CF_Tcu_InhCda,0,1596171593.695614
CF_Tcu_InhCda,0,1596171593.75369
CF_Tcu_InhCda,0,1596171593.76562
CF_Tcu_InhCda,0,1596171593.773775
CF_Tcu_InhCda,0,1596171593.7857769
CF_Tcu_InhCda,0,1596171593.806216
CF_Tcu_InhCda,0,1596171593.818496
CF_Tcu_InhCda,0,1596171593.823076
CF_Tcu_InhCda,0,1596171593.8349268
CF_Tcu_InhCda,0,1596171593.884448
CF_Tcu_InhCda,0,1596171593.95427
CF_Tcu_InhCda,0,1596171594.0560234
CF_Tcu_InhCda,0,1596171594.0651689
CF_Tcu_InhCda,0,1596171594.076612
CF_Tcu_InhCda,0,1596171594.174829
CF_Tcu_InhCda,0,1596171594.1870122
CF_Tcu_InhCda,0,1596171594.216052
CF_Tcu_InhCda,0,1596171594.315234
CF_Tcu_InhCda,0,1596171594.326342
CF_Tcu_InhCda,0,1596171594.355404
CF_Tcu_InhCda,0,1596171594.3672671
CF_Tcu_InhCda,0,1596171594.3758774
CF_Tcu_InhCda,0,1596171594.387786
CF_Tcu_InhCda,0,1596171594.4045286
CF_Tcu_InhCda,0,1596171594.41646
CF_Tcu_InhCda,0,1596171594.494772
CF_Tcu_InhCda,0,1596171594.5234098
CF_Tcu_InhCda,0,1596171594.576242
CF_Tcu_InhCda,0,1596171594.613734
CF_Tcu_InhCda,0,1596171594.625437
CF_Tcu_InhCda,0,1596171594.654475
CF_Tcu_InhCda,0,1596171594.6867929
CF_Tcu_InhCda,0,1596171594.707201
CF_Tcu_InhCda,0,1596171594.7159822
CF_Tcu_InhCda,0,1596171594.8346274
CF_Tcu_InhCda,0,1596171594.9367008
CF_Tcu_InhCda,0,1596171594.965636
CF_Tcu_InhCda,0,1596171595.006285
CF_Tcu_InhCda,0,1596171595.023231
CF_Tcu_InhCda,0,1596171595.0349321
CF_Tcu_InhCda,0,1596171595.076113
CF_Tcu_InhCda,0,1596171595.113523
CF_Tcu_InhCda,0,1596171595.125074
CF_Tcu_InhCda,0,1596171595.1337302
CF_Tcu_InhCda,0,1596171595.227403
CF_Tcu_InhCda,0,1596171595.2561002
CF_Tcu_InhCda,0,1596171595.2652678
CF_Tcu_InhCda,0,1596171595.2887838
CF_Tcu_InhCda,0,1596171595.293615
CF_Tcu_InhCda,0,1596171595.3053632
CF_Tcu_InhCda,0,1596171595.3748732
CF_Tcu_InhCda,0,1596171595.383633
CF_Tcu_InhCda,0,1596171595.4568052
CF_Tcu_InhCda,0,1596171595.555131
CF_Tcu_InhCda,0,1596171595.5674038
CF_Tcu_InhCda,0,1596171595.59605
CF_Tcu_InhCda,0,1596171595.6048052
CF_Tcu_InhCda,0,1596171595.6452758
CF_Tcu_InhCda,0,1596171595.804982
CF_Tcu_InhCda,0,1596171595.825518
CF_Tcu_InhCda,0,1596171595.8665981
CF_Tcu_InhCda,0,1596171595.8868742
CF_Tcu_InhCda,0,1596171595.9036944
CF_Tcu_InhCda,0,1596171596.0344708
CF_Tcu_InhCda,0,1596171596.1535249
CF_Tcu_InhCda,0,1596171596.165719
CF_Tcu_InhCda,0,1596171596.18633
CF_Tcu_InhCda,0,1596171596.2063842
CF_Tcu_InhCda,0,1596171596.243953
CF_Tcu_InhCda,0,1596171596.423757
CF_Tcu_InhCda,0,1596171596.435752
CF_Tcu_InhCda,0,1596171596.4653351
CF_Tcu_InhCda,0,1596171596.587235
CF_Tcu_InhCda,0,1596171596.624186
CF_Tcu_InhCda,0,1596171596.6568034
CF_Tcu_InhCda,0,1596171596.6855412
CF_Tcu_InhCda,0,1596171596.694418
CF_Tcu_InhCda,0,1596171596.7059898
CF_Tcu_InhCda,0,1596171596.743446
CF_Tcu_InhCda,0,1596171596.7760398
CF_Tcu_InhCda,0,1596171596.837142
CF_Tcu_InhCda,0,1596171596.874465
CF_Tcu_InhCda,0,1596171596.9354448
CF_Tcu_InhCda,0,1596171597.05476
CF_Tcu_InhCda,0,1596171597.066605
CF_Tcu_InhCda,0,1596171597.0750122
CF_Tcu_InhCda,0,1596171597.086943
CF_Tcu_InhCda,0,1596171597.095119
CF_Tcu_InhCda,0,1596171597.10383
CF_Tcu_InhCda,0,1596171597.2057128
CF_Tcu_InhCda,0,1596171597.2754
CF_Tcu_InhCda,0,1596171597.3163114
CF_Tcu_InhCda,0,1596171597.3535411
CF_Tcu_InhCda,0,1596171597.374153
CF_Tcu_InhCda,0,1596171597.406484
CF_Tcu_InhCda,0,1596171597.414887
CF_Tcu_InhCda,0,1596171597.455591
CF_Tcu_InhCda,0,1596171597.476135
CF_Tcu_InhCda,0,1596171597.4846199
CF_Tcu_InhCda,0,1596171597.496435
CF_Tcu_InhCda,0,1596171597.545624
CF_Tcu_InhCda,0,1596171597.5747774
CF_Tcu_InhCda,0,1596171597.615702
CF_Tcu_InhCda,0,1596171597.6275034
CF_Tcu_InhCda,0,1596171597.63581
CF_Tcu_InhCda,0,1596171597.676686
CF_Tcu_InhCda,0,1596171597.697222
CF_Tcu_InhCda,0,1596171597.7053726
CF_Tcu_InhCda,0,1596171597.8654149
CF_Tcu_InhCda,0,1596171597.9552
CF_Tcu_InhCda,0,1596171597.96437
CF_Tcu_InhCda,0,1596171597.975814
CF_Tcu_InhCda,0,1596171598.115474
CF_Tcu_InhCda,0,1596171598.234082
CF_Tcu_InhCda,0,1596171598.266624
CF_Tcu_InhCda,0,1596171598.2750812
CF_Tcu_InhCda,0,1596171598.28703
CF_Tcu_InhCda,0,1596171598.3365939
CF_Tcu_InhCda,0,1596171598.3444
CF_Tcu_InhCda,0,1596171598.3651679
CF_Tcu_InhCda,0,1596171598.377038
CF_Tcu_InhCda,0,1596171598.4057634
CF_Tcu_InhCda,0,1596171598.51635
CF_Tcu_InhCda,0,1596171598.5368476
CF_Tcu_InhCda,0,1596171598.5536392
CF_Tcu_InhCda,0,1596171598.5658731
CF_Tcu_InhCda,0,1596171598.574105
CF_Tcu_InhCda,0,1596171598.5860279
CF_Tcu_InhCda,0,1596171598.606542
CF_Tcu_InhCda,0,1596171598.684374
CF_Tcu_InhCda,0,1596171598.835906
CF_Tcu_InhCda,0,1596171598.856277
CF_Tcu_InhCda,0,1596171598.865489
CF_Tcu_InhCda,0,1596171598.893608
CF_Tcu_InhCda,0,1596171598.938139
CF_Tcu_InhCda,0,1596171598.954817
CF_Tcu_InhCda,0,1596171598.966881
CF_Tcu_InhCda,0,1596171598.995625
CF_Tcu_InhCda,0,1596171599.0364852
CF_Tcu_InhCda,0,1596171599.0569131
CF_Tcu_InhCda,0,1596171599.094273
CF_Tcu_InhCda,0,1596171599.155645
CF_Tcu_InhCda,0,1596171599.1676712
CF_Tcu_InhCda,0,1596171599.176307
CF_Tcu_InhCda,0,1596171599.2084749
CF_Tcu_InhCda,0,1596171599.224957
CF_Tcu_InhCda,0,1596171599.2371619
CF_Tcu_InhCda,0,1596171599.2746649
CF_Tcu_InhCda,0,1596171599.376532
CF_Tcu_InhCda,0,1596171599.4142132
CF_Tcu_InhCda,0,1596171599.4257786
CF_Tcu_InhCda,0,1596171599.4583626
CF_Tcu_InhCda,0,1596171599.466572
CF_Tcu_InhCda,0,1596171599.4750938
CF_Tcu_InhCda,0,1596171599.487046
CF_Tcu_InhCda,0,1596171599.50381
CF_Tcu_InhCda,0,1596171599.51592
CF_Tcu_InhCda,0,1596171599.5243142
CF_Tcu_InhCda,0,1596171599.5363169
CF_Tcu_InhCda,0,1596171599.716505
CF_Tcu_InhCda,0,1596171599.745121
CF_Tcu_InhCda,0,1596171599.786088
CF_Tcu_InhCda,0,1596171599.806638
CF_Tcu_InhCda,0,1596171599.815187
CF_Tcu_InhCda,0,1596171599.9088774
CF_Tcu_InhCda,0,1596171599.9867046
CF_Tcu_InhCda,0,1596171600.035887
CF_Tcu_InhCda,0,1596171600.0564108
CF_Tcu_InhCda,0,1596171600.076874
CF_Tcu_InhCda,0,1596171600.085191
CF_Tcu_InhCda,0,1596171600.097462
CF_Tcu_InhCda,0,1596171600.134622
CF_Tcu_InhCda,0,1596171600.15469
CF_Tcu_InhCda,0,1596171600.166929
CF_Tcu_InhCda,0,1596171600.2447991
CF_Tcu_InhCda,0,1596171600.315768
CF_Tcu_InhCda,0,1596171600.334966
CF_Tcu_InhCda,0,1596171600.3437538
CF_Tcu_InhCda,0,1596171600.355406
CF_Tcu_InhCda,0,1596171600.367742
CF_Tcu_InhCda,0,1596171600.437275
CF_Tcu_InhCda,0,1596171600.506932
CF_Tcu_InhCda,0,1596171600.523698
CF_Tcu_InhCda,0,1596171600.6344142
CF_Tcu_InhCda,0,1596171600.6667411
CF_Tcu_InhCda,0,1596171600.6871636
CF_Tcu_InhCda,0,1596171600.736323
CF_Tcu_InhCda,0,1596171600.77359
CF_Tcu_InhCda,0,1596171600.785492
CF_Tcu_InhCda,0,1596171600.8059149
CF_Tcu_InhCda,0,1596171600.8639212
CF_Tcu_InhCda,0,1596171600.936926
CF_Tcu_InhCda,0,1596171600.9538088
CF_Tcu_InhCda,0,1596171600.9659572
CF_Tcu_InhCda,0,1596171600.9743571
CF_Tcu_InhCda,0,1596171600.9861062
CF_Tcu_InhCda,0,1596171600.994787
CF_Tcu_InhCda,0,1596171601.006628
CF_Tcu_InhCda,0,1596171601.0149498
CF_Tcu_InhCda,0,1596171601.055757
CF_Tcu_InhCda,0,1596171601.1049411
CF_Tcu_InhCda,0,1596171601.145752
CF_Tcu_InhCda,0,1596171601.1581821
CF_Tcu_InhCda,0,1596171601.215801
CF_Tcu_InhCda,0,1596171601.224093
CF_Tcu_InhCda,0,1596171601.23605
CF_Tcu_InhCda,0,1596171601.289142
CF_Tcu_InhCda,0,1596171601.3383179
CF_Tcu_InhCda,0,1596171601.354757
CF_Tcu_InhCda,0,1596171601.367213
CF_Tcu_InhCda,0,1596171601.387519
CF_Tcu_InhCda,0,1596171601.506274
CF_Tcu_InhCda,0,1596171601.5439384
CF_Tcu_InhCda,0,1596171601.555563
CF_Tcu_InhCda,0,1596171601.5677981
CF_Tcu_InhCda,0,1596171601.576434
CF_Tcu_InhCda,0,1596171601.588265
CF_Tcu_InhCda,0,1596171601.596422
CF_Tcu_InhCda,0,1596171601.604945
CF_Tcu_InhCda,0,1596171601.637384
CF_Tcu_InhCda,0,1596171601.6748748
CF_Tcu_InhCda,0,1596171601.686521
CF_Tcu_InhCda,0,1596171601.744391
CF_Tcu_InhCda,0,1596171601.7561002
CF_Tcu_InhCda,0,1596171601.8550289
CF_Tcu_InhCda,0,1596171601.866844
CF_Tcu_InhCda,0,1596171601.874963
CF_Tcu_InhCda,0,1596171601.895823
CF_Tcu_InhCda,0,1596171601.936634
CF_Tcu_InhCda,0,1596171602.096092
CF_Tcu_InhCda,0,1596171602.10446
CF_Tcu_InhCda,0,1596171602.116651
CF_Tcu_InhCda,0,1596171602.124819
CF_Tcu_InhCda,0,1596171602.1658938
CF_Tcu_InhCda,0,1596171602.1743212
CF_Tcu_InhCda,0,1596171602.1862779
CF_Tcu_InhCda,0,1596171602.1947482
CF_Tcu_InhCda,0,1596171602.2067552
CF_Tcu_InhCda,0,1596171602.235755
CF_Tcu_InhCda,0,1596171602.4361641
CF_Tcu_InhCda,0,1596171602.456536
CF_Tcu_InhCda,0,1596171602.468938
CF_Tcu_InhCda,0,1596171602.4856498
CF_Tcu_InhCda,0,1596171602.497619
CF_Tcu_InhCda,0,1596171602.526182
CF_Tcu_InhCda,0,1596171602.543078
CF_Tcu_InhCda,0,1596171602.554854
CF_Tcu_InhCda,0,1596171602.5633972
CF_Tcu_InhCda,0,1596171602.665739
CF_Tcu_InhCda,0,1596171602.755476
CF_Tcu_InhCda,0,1596171602.8169322
CF_Tcu_InhCda,0,1596171602.8373358
CF_Tcu_InhCda,0,1596171602.866039
CF_Tcu_InhCda,0,1596171602.92372
CF_Tcu_InhCda,0,1596171602.976649
CF_Tcu_InhCda,0,1596171603.034248
CF_Tcu_InhCda,0,1596171603.0959349
CF_Tcu_InhCda,0,1596171603.103918
CF_Tcu_InhCda,0,1596171603.136765
CF_Tcu_InhCda,0,1596171603.1855712
CF_Tcu_InhCda,0,1596171603.234745
CF_Tcu_InhCda,0,1596171603.3248482
CF_Tcu_InhCda,0,1596171603.333596
CF_Tcu_InhCda,0,1596171603.353864
CF_Tcu_InhCda,0,1596171603.366157
CF_Tcu_InhCda,0,1596171603.3745868
CF_Tcu_InhCda,0,1596171603.386307
CF_Tcu_InhCda,0,1596171603.394956
CF_Tcu_InhCda,0,1596171603.5255132
CF_Tcu_InhCda,0,1596171603.6361089
CF_Tcu_InhCda,0,1596171603.6565778
CF_Tcu_InhCda,0,1596171603.677075
CF_Tcu_InhCda,0,1596171603.697794
CF_Tcu_InhCda,0,1596171603.795975
CF_Tcu_InhCda,0,1596171603.8041222
CF_Tcu_InhCda,0,1596171603.816344
CF_Tcu_InhCda,0,1596171603.824554
CF_Tcu_InhCda,0,1596171603.845018
CF_Tcu_InhCda,0,1596171603.8657331
CF_Tcu_InhCda,0,1596171603.894609
CF_Tcu_InhCda,0,1596171603.935343
CF_Tcu_InhCda,0,1596171603.955627
CF_Tcu_InhCda,0,1596171603.976568
CF_Tcu_InhCda,0,1596171603.984401
CF_Tcu_InhCda,0,1596171603.9965641
CF_Tcu_InhCda,0,1596171604.037538
CF_Tcu_InhCda,0,1596171604.07475
CF_Tcu_InhCda,0,1596171604.2549329
CF_Tcu_InhCda,0,1596171604.275501
CF_Tcu_InhCda,0,1596171604.2956119
CF_Tcu_InhCda,0,1596171604.3774471
CF_Tcu_InhCda,0,1596171604.513184
CF_Tcu_InhCda,0,1596171604.565862
CF_Tcu_InhCda,0,1596171604.574602
CF_Tcu_InhCda,0,1596171604.5949929
CF_Tcu_InhCda,0,1596171604.758349
CF_Tcu_InhCda,0,1596171604.795233
CF_Tcu_InhCda,0,1596171604.836194
CF_Tcu_InhCda,0,1596171604.856653
CF_Tcu_InhCda,0,1596171604.86516
CF_Tcu_InhCda,0,1596171604.8770561
CF_Tcu_InhCda,0,1596171604.934651
CF_Tcu_InhCda,0,1596171604.9549508
CF_Tcu_InhCda,0,1596171605.1647868
CF_Tcu_InhCda,0,1596171605.176144
CF_Tcu_InhCda,0,1596171605.1966062
CF_Tcu_InhCda,0,1596171605.294997
CF_Tcu_InhCda,0,1596171605.336087
CF_Tcu_InhCda,0,1596171605.344216
CF_Tcu_InhCda,0,1596171605.455038
CF_Tcu_InhCda,0,1596171605.4752011
CF_Tcu_InhCda,0,1596171605.49571
CF_Tcu_InhCda,0,1596171605.5078108
CF_Tcu_InhCda,0,1596171605.5167289
CF_Tcu_InhCda,0,1596171605.6231868
CF_Tcu_InhCda,0,1596171605.72507
CF_Tcu_InhCda,0,1596171605.774425
CF_Tcu_InhCda,0,1596171605.786454
CF_Tcu_InhCda,0,1596171605.847854
CF_Tcu_InhCda,0,1596171605.8646138
CF_Tcu_InhCda,0,1596171605.876479
CF_Tcu_InhCda,0,1596171605.9258518
CF_Tcu_InhCda,0,1596171605.983629
CF_Tcu_InhCda,0,1596171606.036216
CF_Tcu_InhCda,0,1596171606.06532
CF_Tcu_InhCda,0,1596171606.09792
CF_Tcu_InhCda,0,1596171606.105813
CF_Tcu_InhCda,0,1596171606.11499
CF_Tcu_InhCda,0,1596171606.204412
CF_Tcu_InhCda,0,1596171606.335397
CF_Tcu_InhCda,0,1596171606.3649092
CF_Tcu_InhCda,0,1596171606.3763301
CF_Tcu_InhCda,0,1596171606.3848538
CF_Tcu_InhCda,0,1596171606.396748
CF_Tcu_InhCda,0,1596171606.4052482
CF_Tcu_InhCda,0,1596171606.4173071
CF_Tcu_InhCda,0,1596171606.507298
CF_Tcu_InhCda,0,1596171606.556445
CF_Tcu_InhCda,0,1596171606.585313
CF_Tcu_InhCda,0,1596171606.663569
CF_Tcu_InhCda,0,1596171606.683798
CF_Tcu_InhCda,0,1596171606.716177
CF_Tcu_InhCda,0,1596171606.7570088
CF_Tcu_InhCda,0,1596171606.794129
CF_Tcu_InhCda,0,1596171606.806201
CF_Tcu_InhCda,0,1596171606.9167788
CF_Tcu_InhCda,0,1596171606.954061
CF_Tcu_InhCda,0,1596171606.966136
CF_Tcu_InhCda,0,1596171606.974598
CF_Tcu_InhCda,0,1596171606.995359
CF_Tcu_InhCda,0,1596171607.015408
CF_Tcu_InhCda,0,1596171607.0561225
CF_Tcu_InhCda,0,1596171607.0852194
CF_Tcu_InhCda,0,1596171607.097195
CF_Tcu_InhCda,0,1596171607.105335
CF_Tcu_InhCda,0,1596171607.216131
CF_Tcu_InhCda,0,1596171607.253452
CF_Tcu_InhCda,0,1596171607.277329
CF_Tcu_InhCda,0,1596171607.2858481
CF_Tcu_InhCda,0,1596171607.294333
CF_Tcu_InhCda,0,1596171607.315337
CF_Tcu_InhCda,0,1596171607.5271142
CF_Tcu_InhCda,0,1596171607.535434
CF_Tcu_InhCda,0,1596171607.6253939
CF_Tcu_InhCda,0,1596171607.634078
CF_Tcu_InhCda,0,1596171607.6750321
CF_Tcu_InhCda,0,1596171607.7277582
CF_Tcu_InhCda,0,1596171607.855243
CF_Tcu_InhCda,0,1596171607.867084
CF_Tcu_InhCda,0,1596171607.875762
CF_Tcu_InhCda,0,1596171607.8839614
CF_Tcu_InhCda,0,1596171607.89573
CF_Tcu_InhCda,0,1596171607.904566
CF_Tcu_InhCda,0,1596171607.9163678
CF_Tcu_InhCda,0,1596171607.9740028
CF_Tcu_InhCda,0,1596171607.985878
CF_Tcu_InhCda,0,1596171607.9944382
CF_Tcu_InhCda,0,1596171608.0554981
CF_Tcu_InhCda,0,1596171608.154282
CF_Tcu_InhCda,0,1596171608.1660972
CF_Tcu_InhCda,0,1596171608.174618
CF_Tcu_InhCda,0,1596171608.1865866
CF_Tcu_InhCda,0,1596171608.3259606
CF_Tcu_InhCda,0,1596171608.334528
CF_Tcu_InhCda,0,1596171608.354694
CF_Tcu_InhCda,0,1596171608.456928
CF_Tcu_InhCda,0,1596171608.473702
CF_Tcu_InhCda,0,1596171608.4856381
CF_Tcu_InhCda,0,1596171608.5064301
CF_Tcu_InhCda,0,1596171608.5183382
CF_Tcu_InhCda,0,1596171608.563995
CF_Tcu_InhCda,0,1596171608.584276
CF_Tcu_InhCda,0,1596171608.596224
CF_Tcu_InhCda,0,1596171608.755908
CF_Tcu_InhCda,0,1596171608.776423
CF_Tcu_InhCda,0,1596171608.796818
CF_Tcu_InhCda,0,1596171608.8055599
CF_Tcu_InhCda,0,1596171608.8173351
CF_Tcu_InhCda,0,1596171608.825568
CF_Tcu_InhCda,0,1596171608.834172
CF_Tcu_InhCda,0,1596171608.903883
CF_Tcu_InhCda,0,1596171608.973553
CF_Tcu_InhCda,0,1596171608.993992
CF_Tcu_InhCda,0,1596171609.054903
CF_Tcu_InhCda,0,1596171609.0672052
CF_Tcu_InhCda,0,1596171609.136676
CF_Tcu_InhCda,0,1596171609.1860142
CF_Tcu_InhCda,0,1596171609.194467
CF_Tcu_InhCda,0,1596171609.206476
CF_Tcu_InhCda,0,1596171609.235146
CF_Tcu_InhCda,0,1596171609.2645562
CF_Tcu_InhCda,0,1596171609.354462
CF_Tcu_InhCda,0,1596171609.366238
CF_Tcu_InhCda,0,1596171609.374689
CF_Tcu_InhCda,0,1596171609.386622
CF_Tcu_InhCda,0,1596171609.3952801
CF_Tcu_InhCda,0,1596171609.407164
CF_Tcu_InhCda,0,1596171609.415597
CF_Tcu_InhCda,0,1596171609.4766886
CF_Tcu_InhCda,0,1596171609.497269
CF_Tcu_InhCda,0,1596171609.525901
CF_Tcu_InhCda,0,1596171609.62447
CF_Tcu_InhCda,0,1596171609.636384
CF_Tcu_InhCda,0,1596171609.6568859
CF_Tcu_InhCda,0,1596171609.665422
CF_Tcu_InhCda,0,1596171609.673861
CF_Tcu_InhCda,0,1596171609.685935
CF_Tcu_InhCda,0,1596171609.6942878
CF_Tcu_InhCda,0,1596171609.706115
CF_Tcu_InhCda,0,1596171609.755292
CF_Tcu_InhCda,0,1596171609.8454149
CF_Tcu_InhCda,0,1596171609.9559948
CF_Tcu_InhCda,0,1596171610.08361
CF_Tcu_InhCda,0,1596171610.0952132
CF_Tcu_InhCda,0,1596171610.127988
CF_Tcu_InhCda,0,1596171610.193866
CF_Tcu_InhCda,0,1596171610.2347364
CF_Tcu_InhCda,0,1596171610.25535
CF_Tcu_InhCda,0,1596171610.267275
CF_Tcu_InhCda,0,1596171610.2755454
CF_Tcu_InhCda,0,1596171610.284127
CF_Tcu_InhCda,0,1596171610.295893
CF_Tcu_InhCda,0,1596171610.316443
CF_Tcu_InhCda,0,1596171610.574773
CF_Tcu_InhCda,0,1596171610.586715
CF_Tcu_InhCda,0,1596171610.644136
CF_Tcu_InhCda,0,1596171610.676784
CF_Tcu_InhCda,0,1596171610.7260082
CF_Tcu_InhCda,0,1596171610.8244991
CF_Tcu_InhCda,0,1596171610.8661602
CF_Tcu_InhCda,0,1596171610.885802
CF_Tcu_InhCda,0,1596171610.934983
CF_Tcu_InhCda,0,1596171610.9471302
CF_Tcu_InhCda,0,1596171611.004611
CF_Tcu_InhCda,0,1596171611.013129
CF_Tcu_InhCda,0,1596171611.024967
CF_Tcu_InhCda,0,1596171611.1236632
CF_Tcu_InhCda,0,1596171611.135669
CF_Tcu_InhCda,0,1596171611.156088
CF_Tcu_InhCda,0,1596171611.165306
CF_Tcu_InhCda,0,1596171611.1765132
CF_Tcu_InhCda,0,1596171611.1847944
CF_Tcu_InhCda,0,1596171611.1969938
CF_Tcu_InhCda,0,1596171611.205586
CF_Tcu_InhCda,0,1596171611.2256901
CF_Tcu_InhCda,0,1596171611.3658948
CF_Tcu_InhCda,0,1596171611.4467812
CF_Tcu_InhCda,0,1596171611.4551098
CF_Tcu_InhCda,0,1596171611.4673939
CF_Tcu_InhCda,0,1596171611.5741591
CF_Tcu_InhCda,0,1596171611.5861278
CF_Tcu_InhCda,0,1596171611.6065779
CF_Tcu_InhCda,0,1596171611.766779
CF_Tcu_InhCda,0,1596171611.7867188
CF_Tcu_InhCda,0,1596171611.8155391
CF_Tcu_InhCda,0,1596171611.864928
CF_Tcu_InhCda,0,1596171611.885248
CF_Tcu_InhCda,0,1596171611.9055374
CF_Tcu_InhCda,0,1596171611.92611
CF_Tcu_InhCda,0,1596171611.94653
CF_Tcu_InhCda,0,1596171611.9752061
CF_Tcu_InhCda,0,1596171612.065952
CF_Tcu_InhCda,0,1596171612.073876
CF_Tcu_InhCda,0,1596171612.08599
CF_Tcu_InhCda,0,1596171612.164562
CF_Tcu_InhCda,0,1596171612.327373
CF_Tcu_InhCda,0,1596171612.4052901
CF_Tcu_InhCda,0,1596171612.46673
CF_Tcu_InhCda,0,1596171612.483438
CF_Tcu_InhCda,0,1596171612.4953759
CF_Tcu_InhCda,0,1596171612.5244858
CF_Tcu_InhCda,0,1596171612.6550891
CF_Tcu_InhCda,0,1596171612.667532
CF_Tcu_InhCda,0,1596171612.684215
CF_Tcu_InhCda,0,1596171612.696029
CF_Tcu_InhCda,0,1596171612.704869
CF_Tcu_InhCda,0,1596171612.737031
CF_Tcu_InhCda,0,1596171612.8354402
CF_Tcu_InhCda,0,1596171612.876252
CF_Tcu_InhCda,0,1596171612.8850439
CF_Tcu_InhCda,0,1596171612.954675
CF_Tcu_InhCda,0,1596171613.114862
CF_Tcu_InhCda,0,1596171613.1261706
CF_Tcu_InhCda,0,1596171613.1551518
CF_Tcu_InhCda,0,1596171613.25716
CF_Tcu_InhCda,0,1596171613.265557
CF_Tcu_InhCda,0,1596171613.2863429
CF_Tcu_InhCda,0,1596171613.2941284
CF_Tcu_InhCda,0,1596171613.3148699
CF_Tcu_InhCda,0,1596171613.339073
CF_Tcu_InhCda,0,1596171613.466076
CF_Tcu_InhCda,0,1596171613.5155818
CF_Tcu_InhCda,0,1596171613.535876
CF_Tcu_InhCda,0,1596171613.556098
CF_Tcu_InhCda,0,1596171613.565516
CF_Tcu_InhCda,0,1596171613.576578
CF_Tcu_InhCda,0,1596171613.585133
CF_Tcu_InhCda,0,1596171613.5972571
CF_Tcu_InhCda,0,1596171613.6836061
CF_Tcu_InhCda,0,1596171613.855433
CF_Tcu_InhCda,0,1596171613.933575
CF_Tcu_InhCda,0,1596171613.954203
CF_Tcu_InhCda,0,1596171614.006604
CF_Tcu_InhCda,0,1596171614.015088
CF_Tcu_InhCda,0,1596171614.027034
CF_Tcu_InhCda,0,1596171614.065346
CF_Tcu_InhCda,0,1596171614.084673
CF_Tcu_InhCda,0,1596171614.154632
CF_Tcu_InhCda,0,1596171614.166503
CF_Tcu_InhCda,0,1596171614.1869721
CF_Tcu_InhCda,0,1596171614.199284
CF_Tcu_InhCda,0,1596171614.236678
CF_Tcu_InhCda,0,1596171614.285865
CF_Tcu_InhCda,0,1596171614.326304
CF_Tcu_InhCda,0,1596171614.3957472
CF_Tcu_InhCda,0,1596171614.4572966
CF_Tcu_InhCda,0,1596171614.46656
CF_Tcu_InhCda,0,1596171614.4740849
CF_Tcu_InhCda,0,1596171614.4859376
CF_Tcu_InhCda,0,1596171614.498455
CF_Tcu_InhCda,0,1596171614.535536
CF_Tcu_InhCda,0,1596171614.564735
CF_Tcu_InhCda,0,1596171614.7358358
CF_Tcu_InhCda,0,1596171614.7730718
CF_Tcu_InhCda,0,1596171614.785098
CF_Tcu_InhCda,0,1596171614.79726
CF_Tcu_InhCda,0,1596171614.8260102
CF_Tcu_InhCda,0,1596171614.866842
CF_Tcu_InhCda,0,1596171614.9042811
CF_Tcu_InhCda,0,1596171614.973737
CF_Tcu_InhCda,0,1596171615.0148609
CF_Tcu_InhCda,0,1596171615.026558
CF_Tcu_InhCda,0,1596171615.0349922
CF_Tcu_InhCda,0,1596171615.0556269
CF_Tcu_InhCda,0,1596171615.067487
CF_Tcu_InhCda,0,1596171615.076225
CF_Tcu_InhCda,0,1596171615.08449
CF_Tcu_InhCda,0,1596171615.1542046
CF_Tcu_InhCda,0,1596171615.1658866
CF_Tcu_InhCda,0,1596171615.19484
CF_Tcu_InhCda,0,1596171615.2235858
CF_Tcu_InhCda,0,1596171615.2650962
CF_Tcu_InhCda,0,1596171615.3256671
CF_Tcu_InhCda,0,1596171615.3377929
CF_Tcu_InhCda,0,1596171615.358256
CF_Tcu_InhCda,0,1596171615.4365132
CF_Tcu_InhCda,0,1596171615.473416
CF_Tcu_InhCda,0,1596171615.554883
CF_Tcu_InhCda,0,1596171615.6246002
CF_Tcu_InhCda,0,1596171615.6573381
CF_Tcu_InhCda,0,1596171615.665906
CF_Tcu_InhCda,0,1596171615.67427
CF_Tcu_InhCda,0,1596171615.686111
CF_Tcu_InhCda,0,1596171615.698654
CF_Tcu_InhCda,0,1596171615.7966821
CF_Tcu_InhCda,0,1596171615.805333
CF_Tcu_InhCda,0,1596171615.923927
CF_Tcu_InhCda,0,1596171615.935849
CF_Tcu_InhCda,0,1596171615.9685726
CF_Tcu_InhCda,0,1596171615.9767358
CF_Tcu_InhCda,0,1596171615.98562
CF_Tcu_InhCda,0,1596171616.026051
CF_Tcu_InhCda,0,1596171616.165448
CF_Tcu_InhCda,0,1596171616.215583
CF_Tcu_InhCda,0,1596171616.226667
CF_Tcu_InhCda,0,1596171616.2352788
CF_Tcu_InhCda,0,1596171616.2552211
CF_Tcu_InhCda,0,1596171616.3252952
CF_Tcu_InhCda,0,1596171616.374442
CF_Tcu_InhCda,0,1596171616.386346
CF_Tcu_InhCda,0,1596171616.4236634
CF_Tcu_InhCda,0,1596171616.534305
CF_Tcu_InhCda,0,1596171616.558336
CF_Tcu_InhCda,0,1596171616.566663
CF_Tcu_InhCda,0,1596171616.5748188
CF_Tcu_InhCda,0,1596171616.587126
CF_Tcu_InhCda,0,1596171616.5953524
CF_Tcu_InhCda,0,1596171616.6280134
CF_Tcu_InhCda,0,1596171616.656716
CF_Tcu_InhCda,0,1596171616.6652732
CF_Tcu_InhCda,0,1596171616.795892
CF_Tcu_InhCda,0,1596171616.8044732
CF_Tcu_InhCda,0,1596171616.816591
CF_Tcu_InhCda,0,1596171616.824933
CF_Tcu_InhCda,0,1596171616.853964
CF_Tcu_InhCda,0,1596171616.865603
CF_Tcu_InhCda,0,1596171616.874312
CF_Tcu_InhCda,0,1596171616.886038
CF_Tcu_InhCda,0,1596171616.894573
CF_Tcu_InhCda,0,1596171616.9275382
CF_Tcu_InhCda,0,1596171616.9556632
CF_Tcu_InhCda,0,1596171616.9649136
CF_Tcu_InhCda,0,1596171617.045745
CF_Tcu_InhCda,0,1596171617.054534
CF_Tcu_InhCda,0,1596171617.124192
CF_Tcu_InhCda,0,1596171617.1768339
CF_Tcu_InhCda,0,1596171617.185333
CF_Tcu_InhCda,0,1596171617.193857
CF_Tcu_InhCda,0,1596171617.254723
CF_Tcu_InhCda,0,1596171617.267038
CF_Tcu_InhCda,0,1596171617.2752142
CF_Tcu_InhCda,0,1596171617.316107
CF_Tcu_InhCda,0,1596171617.3243449
CF_Tcu_InhCda,0,1596171617.4155269
CF_Tcu_InhCda,0,1596171617.4553976
CF_Tcu_InhCda,0,1596171617.464791
CF_Tcu_InhCda,0,1596171617.475915
CF_Tcu_InhCda,0,1596171617.488051
CF_Tcu_InhCda,0,1596171617.516843
CF_Tcu_InhCda,0,1596171617.545516
CF_Tcu_InhCda,0,1596171617.586541
CF_Tcu_InhCda,0,1596171617.603145
CF_Tcu_InhCda,0,1596171617.644084
CF_Tcu_InhCda,0,1596171617.697068
CF_Tcu_InhCda,0,1596171617.705166
CF_Tcu_InhCda,0,1596171617.714425
CF_Tcu_InhCda,0,1596171617.725763
CF_Tcu_InhCda,0,1596171617.734336
CF_Tcu_InhCda,0,1596171617.766688
CF_Tcu_InhCda,0,1596171617.775221
CF_Tcu_InhCda,0,1596171617.856722
CF_Tcu_InhCda,0,1596171617.8982134
CF_Tcu_InhCda,0,1596171617.9058821
CF_Tcu_InhCda,0,1596171617.934688
CF_Tcu_InhCda,0,1596171618.0046868
CF_Tcu_InhCda,0,1596171618.0540051
CF_Tcu_InhCda,0,1596171618.0778382
CF_Tcu_InhCda,0,1596171618.086256
CF_Tcu_InhCda,0,1596171618.115798
CF_Tcu_InhCda,0,1596171618.135267
CF_Tcu_InhCda,0,1596171618.18854
CF_Tcu_InhCda,0,1596171618.196645
CF_Tcu_InhCda,0,1596171618.3360732
CF_Tcu_InhCda,0,1596171618.356798
CF_Tcu_InhCda,0,1596171618.376858
CF_Tcu_InhCda,0,1596171618.3855722
CF_Tcu_InhCda,0,1596171618.41486
CF_Tcu_InhCda,0,1596171618.4552364
CF_Tcu_InhCda,0,1596171618.655471
CF_Tcu_InhCda,0,1596171618.6644638
CF_Tcu_InhCda,0,1596171618.675992
CF_Tcu_InhCda,0,1596171618.76607
CF_Tcu_InhCda,0,1596171618.774543
CF_Tcu_InhCda,0,1596171618.7863948
CF_Tcu_InhCda,0,1596171618.794729
CF_Tcu_InhCda,0,1596171618.8032372
CF_Tcu_InhCda,0,1596171618.827394
CF_Tcu_InhCda,0,1596171618.934557
CF_Tcu_InhCda,0,1596171618.954419
CF_Tcu_InhCda,0,1596171618.966639
CF_Tcu_InhCda,0,1596171618.975372
CF_Tcu_InhCda,0,1596171619.003946
CF_Tcu_InhCda,0,1596171619.073708
CF_Tcu_InhCda,0,1596171619.085593
CF_Tcu_InhCda,0,1596171619.143455
CF_Tcu_InhCda,0,1596171619.1960974
CF_Tcu_InhCda,0,1596171619.204638
CF_Tcu_InhCda,0,1596171619.2165
CF_Tcu_InhCda,0,1596171619.224782
CF_Tcu_InhCda,0,1596171619.2575
CF_Tcu_InhCda,0,1596171619.2860649
CF_Tcu_InhCda,0,1596171619.327143
CF_Tcu_InhCda,0,1596171619.5035598
CF_Tcu_InhCda,0,1596171619.51582
CF_Tcu_InhCda,0,1596171619.576971
CF_Tcu_InhCda,0,1596171619.626223
CF_Tcu_InhCda,0,1596171619.765764
CF_Tcu_InhCda,0,1596171619.826737
CF_Tcu_InhCda,0,1596171619.835122
CF_Tcu_InhCda,0,1596171619.8554802
CF_Tcu_InhCda,0,1596171619.876084
CF_Tcu_InhCda,0,1596171620.1142108
CF_Tcu_InhCda,0,1596171620.12588
CF_Tcu_InhCda,0,1596171620.134468
CF_Tcu_InhCda,0,1596171620.204103
CF_Tcu_InhCda,0,1596171620.216285
CF_Tcu_InhCda,0,1596171620.38428
CF_Tcu_InhCda,0,1596171620.396172
CF_Tcu_InhCda,0,1596171620.4248528
CF_Tcu_InhCda,0,1596171620.4334881
CF_Tcu_InhCda,0,1596171620.457552
CF_Tcu_InhCda,0,1596171620.474164
CF_Tcu_InhCda,0,1596171620.4947882
CF_Tcu_InhCda,0,1596171620.5558689
CF_Tcu_InhCda,0,1596171620.576364
CF_Tcu_InhCda,0,1596171620.596888
CF_Tcu_InhCda,0,1596171620.6459908
CF_Tcu_InhCda,0,1596171620.7160268
CF_Tcu_InhCda,0,1596171620.7242591
CF_Tcu_InhCda,0,1596171620.736114
CF_Tcu_InhCda,0,1596171620.7566476
CF_Tcu_InhCda,0,1596171620.765098
CF_Tcu_InhCda,0,1596171620.776968
CF_Tcu_InhCda,0,1596171620.965544
CF_Tcu_InhCda,0,1596171621.0152829
CF_Tcu_InhCda,0,1596171621.026874
CF_Tcu_InhCda,0,1596171621.104759
CF_Tcu_InhCda,0,1596171621.125275
CF_Tcu_InhCda,0,1596171621.137484
CF_Tcu_InhCda,0,1596171621.186652
CF_Tcu_InhCda,0,1596171621.199202
CF_Tcu_InhCda,0,1596171621.256211
CF_Tcu_InhCda,0,1596171621.305481
CF_Tcu_InhCda,0,1596171621.314859
CF_Tcu_InhCda,0,1596171621.325941
CF_Tcu_InhCda,0,1596171621.338114
CF_Tcu_InhCda,0,1596171621.358677
CF_Tcu_InhCda,0,1596171621.366933
CF_Tcu_InhCda,0,1596171621.45697
CF_Tcu_InhCda,0,1596171621.596247
CF_Tcu_InhCda,0,1596171621.6047769
CF_Tcu_InhCda,0,1596171621.61685
CF_Tcu_InhCda,0,1596171621.637208
CF_Tcu_InhCda,0,1596171621.6576474
CF_Tcu_InhCda,0,1596171621.686283
CF_Tcu_InhCda,0,1596171621.7355368
CF_Tcu_InhCda,0,1596171621.875106
CF_Tcu_InhCda,0,1596171621.886942
CF_Tcu_InhCda,0,1596171621.895612
CF_Tcu_InhCda,0,1596171621.9657109
CF_Tcu_InhCda,0,1596171622.055051
CF_Tcu_InhCda,0,1596171622.084344
CF_Tcu_InhCda,0,1596171622.104648
CF_Tcu_InhCda,0,1596171622.124609
CF_Tcu_InhCda,0,1596171622.1742542
CF_Tcu_InhCda,0,1596171622.215074
CF_Tcu_InhCda,0,1596171622.226917
CF_Tcu_InhCda,0,1596171622.235749
CF_Tcu_InhCda,0,1596171622.2561886
CF_Tcu_InhCda,0,1596171622.265009
CF_Tcu_InhCda,0,1596171622.296732
CF_Tcu_InhCda,0,1596171622.354452
CF_Tcu_InhCda,0,1596171622.394948
CF_Tcu_InhCda,0,1596171622.407177
CF_Tcu_InhCda,0,1596171622.5145931
CF_Tcu_InhCda,0,1596171622.526133
CF_Tcu_InhCda,0,1596171622.5345821
CF_Tcu_InhCda,0,1596171622.644722
CF_Tcu_InhCda,0,1596171622.686433
CF_Tcu_InhCda,0,1596171622.694301
CF_Tcu_InhCda,0,1596171622.784607
CF_Tcu_InhCda,0,1596171622.825036
CF_Tcu_InhCda,0,1596171622.837242
CF_Tcu_InhCda,0,1596171622.8576374
CF_Tcu_InhCda,0,1596171622.894956
CF_Tcu_InhCda,0,1596171623.0835009
CF_Tcu_InhCda,0,1596171623.0952508
CF_Tcu_InhCda,0,1596171623.107458
CF_Tcu_InhCda,0,1596171623.115885
CF_Tcu_InhCda,0,1596171623.1280608
CF_Tcu_InhCda,0,1596171623.1361759
CF_Tcu_InhCda,0,1596171623.156718
CF_Tcu_InhCda,0,1596171623.197742
CF_Tcu_InhCda,0,1596171623.3164108
CF_Tcu_InhCda,0,1596171623.374273
CF_Tcu_InhCda,0,1596171623.38604
CF_Tcu_InhCda,0,1596171623.3946302
CF_Tcu_InhCda,0,1596171623.406508
CF_Tcu_InhCda,0,1596171623.476373
CF_Tcu_InhCda,0,1596171623.484826
CF_Tcu_InhCda,0,1596171623.525404
CF_Tcu_InhCda,0,1596171623.554095
CF_Tcu_InhCda,0,1596171623.5662248
CF_Tcu_InhCda,0,1596171623.578579
CF_Tcu_InhCda,0,1596171623.607167
CF_Tcu_InhCda,0,1596171623.62398
CF_Tcu_InhCda,0,1596171623.6358874
CF_Tcu_InhCda,0,1596171623.685123
CF_Tcu_InhCda,0,1596171623.694195
CF_Tcu_InhCda,0,1596171623.70559
CF_Tcu_InhCda,0,1596171623.7178712
CF_Tcu_InhCda,0,1596171623.726594
CF_Tcu_InhCda,0,1596171623.734678
CF_Tcu_InhCda,0,1596171623.787585
CF_Tcu_InhCda,0,1596171623.824671
CF_Tcu_InhCda,0,1596171623.836624
CF_Tcu_InhCda,0,1596171623.853301
CF_Tcu_InhCda,0,1596171623.865629
CF_Tcu_InhCda,0,1596171623.96444
CF_Tcu_InhCda,0,1596171623.975989
CF_Tcu_InhCda,0,1596171623.984707
CF_Tcu_InhCda,0,1596171623.9963539
CF_Tcu_InhCda,0,1596171624.0050402
CF_Tcu_InhCda,0,1596171624.017205
CF_Tcu_InhCda,0,1596171624.0250418
CF_Tcu_InhCda,0,1596171624.0337322
CF_Tcu_InhCda,0,1596171624.0578072
CF_Tcu_InhCda,0,1596171624.0660422
CF_Tcu_InhCda,0,1596171624.106865
CF_Tcu_InhCda,0,1596171624.205224
CF_Tcu_InhCda,0,1596171624.2749462
CF_Tcu_InhCda,0,1596171624.287106
CF_Tcu_InhCda,0,1596171624.304188
CF_Tcu_InhCda,0,1596171624.324471
CF_Tcu_InhCda,0,1596171624.365421
CF_Tcu_InhCda,0,1596171624.3737862
CF_Tcu_InhCda,0,1596171624.385443
CF_Tcu_InhCda,0,1596171624.4266882
CF_Tcu_InhCda,0,1596171624.47556
CF_Tcu_InhCda,0,1596171624.586194
CF_Tcu_InhCda,0,1596171624.606545
CF_Tcu_InhCda,0,1596171624.615126
CF_Tcu_InhCda,0,1596171624.6270974
CF_Tcu_InhCda,0,1596171624.635653
CF_Tcu_InhCda,0,1596171624.6557794
CF_Tcu_InhCda,0,1596171624.688448
CF_Tcu_InhCda,0,1596171624.7050009
CF_Tcu_InhCda,0,1596171624.803665
CF_Tcu_InhCda,0,1596171624.8563619
CF_Tcu_InhCda,0,1596171624.8655028
CF_Tcu_InhCda,0,1596171624.915012
CF_Tcu_InhCda,0,1596171624.9547234
CF_Tcu_InhCda,0,1596171625.033136
CF_Tcu_InhCda,0,1596171625.065723
CF_Tcu_InhCda,0,1596171625.164562
CF_Tcu_InhCda,0,1596171625.213444
CF_Tcu_InhCda,0,1596171625.2252018
CF_Tcu_InhCda,0,1596171625.23749
CF_Tcu_InhCda,0,1596171625.257909
CF_Tcu_InhCda,0,1596171625.2948189
CF_Tcu_InhCda,0,1596171625.3034296
CF_Tcu_InhCda,0,1596171625.3561652
CF_Tcu_InhCda,0,1596171625.495496
CF_Tcu_InhCda,0,1596171625.5040178
CF_Tcu_InhCda,0,1596171625.5160391
CF_Tcu_InhCda,0,1596171625.5244381
CF_Tcu_InhCda,0,1596171625.536444
CF_Tcu_InhCda,0,1596171625.565346
CF_Tcu_InhCda,0,1596171625.5772748
CF_Tcu_InhCda,0,1596171625.6347811
CF_Tcu_InhCda,0,1596171625.713139
CF_Tcu_InhCda,0,1596171625.7744849
CF_Tcu_InhCda,0,1596171625.835312
CF_Tcu_InhCda,0,1596171625.8765152
CF_Tcu_InhCda,0,1596171625.9459796
CF_Tcu_InhCda,0,1596171625.954164
CF_Tcu_InhCda,0,1596171625.966481
CF_Tcu_InhCda,0,1596171625.9873989
CF_Tcu_InhCda,0,1596171626.093811
CF_Tcu_InhCda,0,1596171626.105751
CF_Tcu_InhCda,0,1596171626.126219
CF_Tcu_InhCda,0,1596171626.13837
CF_Tcu_InhCda,0,1596171626.175785
CF_Tcu_InhCda,0,1596171626.224868
CF_Tcu_InhCda,0,1596171626.326737
CF_Tcu_InhCda,0,1596171626.36413
CF_Tcu_InhCda,0,1596171626.376033
CF_Tcu_InhCda,0,1596171626.384743
CF_Tcu_InhCda,0,1596171626.3965368
CF_Tcu_InhCda,0,1596171626.405144
CF_Tcu_InhCda,0,1596171626.41712
CF_Tcu_InhCda,0,1596171626.4257438
CF_Tcu_InhCda,0,1596171626.433907
CF_Tcu_InhCda,0,1596171626.4951632
CF_Tcu_InhCda,0,1596171626.5561981
CF_Tcu_InhCda,0,1596171626.683817
CF_Tcu_InhCda,0,1596171626.71627
CF_Tcu_InhCda,0,1596171626.75324
CF_Tcu_InhCda,0,1596171626.806066
CF_Tcu_InhCda,0,1596171626.826548
CF_Tcu_InhCda,0,1596171626.83509
CF_Tcu_InhCda,0,1596171626.867553
CF_Tcu_InhCda,0,1596171626.884382
CF_Tcu_InhCda,0,1596171626.904398
CF_Tcu_InhCda,0,1596171626.9252589
CF_Tcu_InhCda,0,1596171626.9453402
CF_Tcu_InhCda,0,1596171626.954116
CF_Tcu_InhCda,0,1596171626.9661794
CF_Tcu_InhCda,0,1596171626.9744039
CF_Tcu_InhCda,0,1596171626.9862769
CF_Tcu_InhCda,0,1596171627.006839
CF_Tcu_InhCda,0,1596171627.027209
CF_Tcu_InhCda,0,1596171627.044179
CF_Tcu_InhCda,0,1596171627.154308
CF_Tcu_InhCda,0,1596171627.1747682
CF_Tcu_InhCda,0,1596171627.2361279
CF_Tcu_InhCda,0,1596171627.2938392
CF_Tcu_InhCda,0,1596171627.305791
CF_Tcu_InhCda,0,1596171627.4537609
CF_Tcu_InhCda,0,1596171627.584703
CF_Tcu_InhCda,0,1596171627.6051366
CF_Tcu_InhCda,0,1596171627.625774
CF_Tcu_InhCda,0,1596171627.6341052
CF_Tcu_InhCda,0,1596171627.7855306
CF_Tcu_InhCda,0,1596171627.8752398
CF_Tcu_InhCda,0,1596171627.883671
CF_Tcu_InhCda,0,1596171627.907851
CF_Tcu_InhCda,0,1596171627.92832
CF_Tcu_InhCda,0,1596171627.966434
CF_Tcu_InhCda,0,1596171628.087989
CF_Tcu_InhCda,0,1596171628.116811
CF_Tcu_InhCda,0,1596171628.186476
CF_Tcu_InhCda,0,1596171628.2560034
CF_Tcu_InhCda,0,1596171628.2684689
CF_Tcu_InhCda,0,1596171628.313917
CF_Tcu_InhCda,0,1596171628.436223
CF_Tcu_InhCda,0,1596171628.4736311
CF_Tcu_InhCda,0,1596171628.4854279
CF_Tcu_InhCda,0,1596171628.5058482
CF_Tcu_InhCda,0,1596171628.526447
CF_Tcu_InhCda,0,1596171628.5673778
CF_Tcu_InhCda,0,1596171628.575574
CF_Tcu_InhCda,0,1596171628.6250722
CF_Tcu_InhCda,0,1596171628.665853
CF_Tcu_InhCda,0,1596171628.764735
CF_Tcu_InhCda,0,1596171628.8048806
CF_Tcu_InhCda,0,1596171628.825473
CF_Tcu_InhCda,0,1596171628.9276412
CF_Tcu_InhCda,0,1596171628.944464
CF_Tcu_InhCda,0,1596171629.005564
CF_Tcu_InhCda,0,1596171629.083767
CF_Tcu_InhCda,0,1596171629.1042829
CF_Tcu_InhCda,0,1596171629.157025
CF_Tcu_InhCda,0,1596171629.1660411
CF_Tcu_InhCda,0,1596171629.226666
CF_Tcu_InhCda,0,1596171629.2350152
CF_Tcu_InhCda,0,1596171629.264129
CF_Tcu_InhCda,0,1596171629.374514
CF_Tcu_InhCda,0,1596171629.386436
CF_Tcu_InhCda,0,1596171629.394664
CF_Tcu_InhCda,0,1596171629.406935
CF_Tcu_InhCda,0,1596171629.415914
CF_Tcu_InhCda,0,1596171629.427404
CF_Tcu_InhCda,0,1596171629.435991
CF_Tcu_InhCda,0,1596171629.465585
CF_Tcu_InhCda,0,1596171629.5053089
CF_Tcu_InhCda,0,1596171629.595403
CF_Tcu_InhCda,0,1596171629.6771998
CF_Tcu_InhCda,0,1596171629.693983
CF_Tcu_InhCda,0,1596171629.7060142
CF_Tcu_InhCda,0,1596171629.715033
CF_Tcu_InhCda,0,1596171629.825027
CF_Tcu_InhCda,0,1596171629.87795
CF_Tcu_InhCda,0,1596171629.976232
CF_Tcu_InhCda,0,1596171629.9844532
CF_Tcu_InhCda,0,1596171629.996768
CF_Tcu_InhCda,0,1596171630.017267
CF_Tcu_InhCda,0,1596171630.037724
CF_Tcu_InhCda,0,1596171630.045894
CF_Tcu_InhCda,0,1596171630.1276882
CF_Tcu_InhCda,0,1596171630.1360152
CF_Tcu_InhCda,0,1596171630.193836
CF_Tcu_InhCda,0,1596171630.275392
CF_Tcu_InhCda,0,1596171630.2957382
CF_Tcu_InhCda,0,1596171630.304436
CF_Tcu_InhCda,0,1596171630.316262
CF_Tcu_InhCda,0,1596171630.3247194
CF_Tcu_InhCda,0,1596171630.3655539
CF_Tcu_InhCda,0,1596171630.4156392
CF_Tcu_InhCda,0,1596171630.525151
CF_Tcu_InhCda,0,1596171630.533767
CF_Tcu_InhCda,0,1596171630.545577
CF_Tcu_InhCda,0,1596171630.566157
CF_Tcu_InhCda,0,1596171630.574523
CF_Tcu_InhCda,0,1596171630.58652
CF_Tcu_InhCda,0,1596171630.6561658
CF_Tcu_InhCda,0,1596171630.6936572
CF_Tcu_InhCda,0,1596171630.7260609
CF_Tcu_InhCda,0,1596171630.737994
CF_Tcu_InhCda,0,1596171630.775445
CF_Tcu_InhCda,0,1596171630.8040788
CF_Tcu_InhCda,0,1596171630.866076
CF_Tcu_InhCda,0,1596171630.8773339
CF_Tcu_InhCda,0,1596171630.885534
CF_Tcu_InhCda,0,1596171630.894059
CF_Tcu_InhCda,0,1596171630.9556901
CF_Tcu_InhCda,0,1596171631.004731
CF_Tcu_InhCda,0,1596171631.0249689
CF_Tcu_InhCda,0,1596171631.036941
CF_Tcu_InhCda,0,1596171631.0743089
CF_Tcu_InhCda,0,1596171631.155829
CF_Tcu_InhCda,0,1596171631.164951
CF_Tcu_InhCda,0,1596171631.1763468
CF_Tcu_InhCda,0,1596171631.1885388
CF_Tcu_InhCda,0,1596171631.193238
CF_Tcu_InhCda,0,1596171631.204996
CF_Tcu_InhCda,0,1596171631.2172108
CF_Tcu_InhCda,0,1596171631.2259321
CF_Tcu_InhCda,0,1596171631.327801
CF_Tcu_InhCda,0,1596171631.344296
CF_Tcu_InhCda,0,1596171631.3851461
CF_Tcu_InhCda,0,1596171631.4753141
CF_Tcu_InhCda,0,1596171631.495858
CF_Tcu_InhCda,0,1596171631.516272
CF_Tcu_InhCda,0,1596171631.5572524
CF_Tcu_InhCda,0,1596171631.6063626
CF_Tcu_InhCda,0,1596171631.6268651
CF_Tcu_InhCda,0,1596171631.635466
CF_Tcu_InhCda,0,1596171631.684345
CF_Tcu_InhCda,0,1596171631.745586
CF_Tcu_InhCda,0,1596171631.754389
CF_Tcu_InhCda,0,1596171631.7782989
CF_Tcu_InhCda,0,1596171631.794796
CF_Tcu_InhCda,0,1596171631.8070366
CF_Tcu_InhCda,0,1596171631.816012
CF_Tcu_InhCda,0,1596171631.835743
CF_Tcu_InhCda,0,1596171631.844445
CF_Tcu_InhCda,0,1596171631.856276
CF_Tcu_InhCda,0,1596171631.975158
CF_Tcu_InhCda,0,1596171632.036483
CF_Tcu_InhCda,0,1596171632.044665
CF_Tcu_InhCda,0,1596171632.056875
CF_Tcu_InhCda,0,1596171632.06533
CF_Tcu_InhCda,0,1596171632.0773132
CF_Tcu_InhCda,0,1596171632.086185
CF_Tcu_InhCda,0,1596171632.098208
CF_Tcu_InhCda,0,1596171632.106042
CF_Tcu_InhCda,0,1596171632.12648
CF_Tcu_InhCda,0,1596171632.147159
CF_Tcu_InhCda,0,1596171632.1756961
CF_Tcu_InhCda,0,1596171632.184326
CF_Tcu_InhCda,0,1596171632.323679
CF_Tcu_InhCda,0,1596171632.335628
CF_Tcu_InhCda,0,1596171632.397133
CF_Tcu_InhCda,0,1596171632.405386
CF_Tcu_InhCda,0,1596171632.417357
CF_Tcu_InhCda,0,1596171632.45826
CF_Tcu_InhCda,0,1596171632.536156
CF_Tcu_InhCda,0,1596171632.5688682
CF_Tcu_InhCda,0,1596171632.6056972
CF_Tcu_InhCda,0,1596171632.654973
CF_Tcu_InhCda,0,1596171632.667118
CF_Tcu_InhCda,0,1596171632.675502
CF_Tcu_InhCda,0,1596171632.6877089
CF_Tcu_InhCda,0,1596171632.696419
CF_Tcu_InhCda,0,1596171632.7081046
CF_Tcu_InhCda,0,1596171632.716407
CF_Tcu_InhCda,0,1596171632.7249136
CF_Tcu_InhCda,0,1596171632.757191
CF_Tcu_InhCda,0,1596171632.7741401
CF_Tcu_InhCda,0,1596171632.785873
CF_Tcu_InhCda,0,1596171632.826946
CF_Tcu_InhCda,0,1596171632.83534
CF_Tcu_InhCda,0,1596171632.8764002
CF_Tcu_InhCda,0,1596171632.986645
CF_Tcu_InhCda,0,1596171633.0563376
CF_Tcu_InhCda,0,1596171633.085022
CF_Tcu_InhCda,0,1596171633.1054618
CF_Tcu_InhCda,0,1596171633.1381881
CF_Tcu_InhCda,0,1596171633.154592
CF_Tcu_InhCda,0,1596171633.183706
CF_Tcu_InhCda,0,1596171633.256931
CF_Tcu_InhCda,0,1596171633.2653642
CF_Tcu_InhCda,0,1596171633.2774231
CF_Tcu_InhCda,0,1596171633.2861712
CF_Tcu_InhCda,0,1596171633.294222
CF_Tcu_InhCda,0,1596171633.3061619
CF_Tcu_InhCda,0,1596171633.315499
CF_Tcu_InhCda,0,1596171633.326715
CF_Tcu_InhCda,0,1596171633.334834
CF_Tcu_InhCda,0,1596171633.3558009
CF_Tcu_InhCda,0,1596171633.555927
CF_Tcu_InhCda,0,1596171633.564523
CF_Tcu_InhCda,0,1596171633.5970972
CF_Tcu_InhCda,0,1596171633.605189
CF_Tcu_InhCda,0,1596171633.617429
CF_Tcu_InhCda,0,1596171633.6259332
CF_Tcu_InhCda,0,1596171633.7361321
CF_Tcu_InhCda,0,1596171633.7853642
CF_Tcu_InhCda,0,1596171633.864007
CF_Tcu_InhCda,0,1596171633.9245849
CF_Tcu_InhCda,0,1596171633.957335
CF_Tcu_InhCda,0,1596171633.9859529
CF_Tcu_InhCda,0,1596171634.014945
CF_Tcu_InhCda,0,1596171634.023326
CF_Tcu_InhCda,0,1596171634.035201
CF_Tcu_InhCda,0,1596171634.0761151
CF_Tcu_InhCda,0,1596171634.096637
CF_Tcu_InhCda,0,1596171634.125341
CF_Tcu_InhCda,0,1596171634.134142
CF_Tcu_InhCda,0,1596171634.1745322
CF_Tcu_InhCda,0,1596171634.1867108
CF_Tcu_InhCda,0,1596171634.207138
CF_Tcu_InhCda,0,1596171634.215945
CF_Tcu_InhCda,0,1596171634.244424
CF_Tcu_InhCda,0,1596171634.3147662
CF_Tcu_InhCda,0,1596171634.375241
CF_Tcu_InhCda,0,1596171634.453536
CF_Tcu_InhCda,0,1596171634.4654472
CF_Tcu_InhCda,0,1596171634.473993
CF_Tcu_InhCda,0,1596171634.48574
CF_Tcu_InhCda,0,1596171634.498302
CF_Tcu_InhCda,0,1596171634.5061312
CF_Tcu_InhCda,0,1596171634.526647
CF_Tcu_InhCda,0,1596171634.555377
CF_Tcu_InhCda,0,1596171634.6251152
CF_Tcu_InhCda,0,1596171634.764555
CF_Tcu_InhCda,0,1596171634.7972698
CF_Tcu_InhCda,0,1596171634.8052511
CF_Tcu_InhCda,0,1596171634.8143358
CF_Tcu_InhCda,0,1596171634.8258932
CF_Tcu_InhCda,0,1596171634.8461409
CF_Tcu_InhCda,0,1596171634.8547351
CF_Tcu_InhCda,0,1596171634.903872
CF_Tcu_InhCda,0,1596171634.9158888
CF_Tcu_InhCda,0,1596171634.9243019
CF_Tcu_InhCda,0,1596171634.9361851
CF_Tcu_InhCda,0,1596171635.0550869
CF_Tcu_InhCda,0,1596171635.064057
CF_Tcu_InhCda,0,1596171635.075638
CF_Tcu_InhCda,0,1596171635.084394
CF_Tcu_InhCda,0,1596171635.096048
CF_Tcu_InhCda,0,1596171635.116622
CF_Tcu_InhCda,0,1596171635.223404
CF_Tcu_InhCda,0,1596171635.276565
CF_Tcu_InhCda,0,1596171635.35406
CF_Tcu_InhCda,0,1596171635.38683
CF_Tcu_InhCda,0,1596171635.4157922
CF_Tcu_InhCda,0,1596171635.456393
CF_Tcu_InhCda,0,1596171635.5260966
CF_Tcu_InhCda,0,1596171635.534281
CF_Tcu_InhCda,0,1596171635.6656039
CF_Tcu_InhCda,0,1596171635.673986
CF_Tcu_InhCda,0,1596171635.6944401
CF_Tcu_InhCda,0,1596171635.7147992
CF_Tcu_InhCda,0,1596171635.7266822
CF_Tcu_InhCda,0,1596171635.935652
CF_Tcu_InhCda,0,1596171635.997442
CF_Tcu_InhCda,0,1596171636.0139759
CF_Tcu_InhCda,0,1596171636.0343614
CF_Tcu_InhCda,0,1596171636.083542
CF_Tcu_InhCda,0,1596171636.0954251
CF_Tcu_InhCda,0,1596171636.3575132
CF_Tcu_InhCda,0,1596171636.415147
CF_Tcu_InhCda,0,1596171636.472586
CF_Tcu_InhCda,0,1596171636.5254886
CF_Tcu_InhCda,0,1596171636.534137
CF_Tcu_InhCda,0,1596171636.554476
CF_Tcu_InhCda,0,1596171636.595093
CF_Tcu_InhCda,0,1596171636.6157699
CF_Tcu_InhCda,0,1596171636.673461
CF_Tcu_InhCda,0,1596171636.6939778
CF_Tcu_InhCda,0,1596171636.734442
CF_Tcu_InhCda,0,1596171636.833118
CF_Tcu_InhCda,0,1596171636.853388
CF_Tcu_InhCda,0,1596171636.873888
CF_Tcu_InhCda,0,1596171636.8946269
CF_Tcu_InhCda,0,1596171636.9026966
CF_Tcu_InhCda,0,1596171636.914654
CF_Tcu_InhCda,0,1596171637.103334
CF_Tcu_InhCda,0,1596171637.156106
CF_Tcu_InhCda,0,1596171637.193423
CF_Tcu_InhCda,0,1596171637.2053518
CF_Tcu_InhCda,0,1596171637.254514
CF_Tcu_InhCda,0,1596171637.385725
CF_Tcu_InhCda,0,1596171637.443416
CF_Tcu_InhCda,0,1596171637.455153
CF_Tcu_InhCda,0,1596171637.463982
CF_Tcu_InhCda,0,1596171637.4757311
CF_Tcu_InhCda,0,1596171637.496274
CF_Tcu_InhCda,0,1596171637.504965
CF_Tcu_InhCda,0,1596171637.513067
CF_Tcu_InhCda,0,1596171637.524866
CF_Tcu_InhCda,0,1596171637.5657432
CF_Tcu_InhCda,0,1596171637.603004
CF_Tcu_InhCda,0,1596171637.67626
CF_Tcu_InhCda,0,1596171637.7832806
CF_Tcu_InhCda,0,1596171637.8160179
CF_Tcu_InhCda,0,1596171637.868842
CF_Tcu_InhCda,0,1596171637.905652
CF_Tcu_InhCda,0,1596171637.914221
CF_Tcu_InhCda,0,1596171637.954867
CF_Tcu_InhCda,0,1596171637.97541
CF_Tcu_InhCda,0,1596171638.024547
CF_Tcu_InhCda,0,1596171638.126858
CF_Tcu_InhCda,0,1596171638.167867
CF_Tcu_InhCda,0,1596171638.196612
CF_Tcu_InhCda,0,1596171638.2048821
CF_Tcu_InhCda,0,1596171638.294792
CF_Tcu_InhCda,0,1596171638.3439999
CF_Tcu_InhCda,0,1596171638.356224
CF_Tcu_InhCda,0,1596171638.372998
CF_Tcu_InhCda,0,1596171638.38499
CF_Tcu_InhCda,0,1596171638.393471
CF_Tcu_InhCda,0,1596171638.483541
CF_Tcu_InhCda,0,1596171638.495474
CF_Tcu_InhCda,0,1596171638.5446668
CF_Tcu_InhCda,0,1596171638.5857975
CF_Tcu_InhCda,0,1596171638.593875
CF_Tcu_InhCda,0,1596171638.704459
CF_Tcu_InhCda,0,1596171638.8029966
CF_Tcu_InhCda,0,1596171638.835607
CF_Tcu_InhCda,0,1596171638.9629998
CF_Tcu_InhCda,0,1596171639.015938
CF_Tcu_InhCda,0,1596171639.0239382
CF_Tcu_InhCda,0,1596171639.0565732
CF_Tcu_InhCda,0,1596171639.065092
CF_Tcu_InhCda,0,1596171639.085498
CF_Tcu_InhCda,0,1596171639.228558
CF_Tcu_InhCda,0,1596171639.2331114
CF_Tcu_InhCda,0,1596171639.2450151
CF_Tcu_InhCda,0,1596171639.2859251
CF_Tcu_InhCda,0,1596171639.3354151
CF_Tcu_InhCda,0,1596171639.355561
CF_Tcu_InhCda,0,1596171639.40481
CF_Tcu_InhCda,0,1596171639.593436
CF_Tcu_InhCda,0,1596171639.6054149
CF_Tcu_InhCda,0,1596171639.626036
CF_Tcu_InhCda,0,1596171639.63462
CF_Tcu_InhCda,0,1596171639.654594
CF_Tcu_InhCda,0,1596171639.6635132
CF_Tcu_InhCda,0,1596171639.6756198
CF_Tcu_InhCda,0,1596171639.6839721
CF_Tcu_InhCda,0,1596171639.875839
CF_Tcu_InhCda,0,1596171639.954314
CF_Tcu_InhCda,0,1596171639.98636
CF_Tcu_InhCda,0,1596171640.0031822
CF_Tcu_InhCda,0,1596171640.1952894
CF_Tcu_InhCda,0,1596171640.273509
CF_Tcu_InhCda,0,1596171640.2940214
CF_Tcu_InhCda,0,1596171640.305823
CF_Tcu_InhCda,0,1596171640.3143039
CF_Tcu_InhCda,0,1596171640.3550231
CF_Tcu_InhCda,0,1596171640.375711
CF_Tcu_InhCda,0,1596171640.3958302
CF_Tcu_InhCda,0,1596171640.404223
CF_Tcu_InhCda,0,1596171640.4450526
CF_Tcu_InhCda,0,1596171640.5032349
CF_Tcu_InhCda,0,1596171640.564914
CF_Tcu_InhCda,0,1596171640.576267
CF_Tcu_InhCda,0,1596171640.6048439
CF_Tcu_InhCda,0,1596171640.6540082
CF_Tcu_InhCda,0,1596171640.6665118
CF_Tcu_InhCda,0,1596171640.694907
CF_Tcu_InhCda,0,1596171640.7034788
CF_Tcu_InhCda,0,1596171640.764909
CF_Tcu_InhCda,0,1596171640.8344386
CF_Tcu_InhCda,0,1596171640.8839312
CF_Tcu_InhCda,0,1596171640.8956609
CF_Tcu_InhCda,0,1596171640.9364932
CF_Tcu_InhCda,0,1596171640.9570649
CF_Tcu_InhCda,0,1596171641.026649
CF_Tcu_InhCda,0,1596171641.133598
CF_Tcu_InhCda,0,1596171641.2034614
CF_Tcu_InhCda,0,1596171641.223823
CF_Tcu_InhCda,0,1596171641.2356038
CF_Tcu_InhCda,0,1596171641.297219
CF_Tcu_InhCda,0,1596171641.313649
CF_Tcu_InhCda,0,1596171641.3257458
CF_Tcu_InhCda,0,1596171641.374964
CF_Tcu_InhCda,0,1596171641.5550444
CF_Tcu_InhCda,0,1596171641.56445
CF_Tcu_InhCda,0,1596171641.575677
CF_Tcu_InhCda,0,1596171641.583796
CF_Tcu_InhCda,0,1596171641.604666
CF_Tcu_InhCda,0,1596171641.6656868
CF_Tcu_InhCda,0,1596171641.79301
CF_Tcu_InhCda,0,1596171641.804925
CF_Tcu_InhCda,0,1596171641.8140204
CF_Tcu_InhCda,0,1596171641.834041
CF_Tcu_InhCda,0,1596171641.854069
CF_Tcu_InhCda,0,1596171641.866408
CF_Tcu_InhCda,0,1596171641.8746428
CF_Tcu_InhCda,0,1596171642.165459
CF_Tcu_InhCda,0,1596171642.194062
CF_Tcu_InhCda,0,1596171642.23506
CF_Tcu_InhCda,0,1596171642.26461
CF_Tcu_InhCda,0,1596171642.2759519
CF_Tcu_InhCda,0,1596171642.415361
CF_Tcu_InhCda,0,1596171642.42398
CF_Tcu_InhCda,0,1596171642.4356241
CF_Tcu_InhCda,0,1596171642.46548
CF_Tcu_InhCda,0,1596171642.4766114
CF_Tcu_InhCda,0,1596171642.4848902
CF_Tcu_InhCda,0,1596171642.4974806
CF_Tcu_InhCda,0,1596171642.5053592
CF_Tcu_InhCda,0,1596171642.5750449
CF_Tcu_InhCda,0,1596171642.632683
CF_Tcu_InhCda,0,1596171642.734901
CF_Tcu_InhCda,0,1596171642.743293
CF_Tcu_InhCda,0,1596171642.755117
CF_Tcu_InhCda,0,1596171642.775727
CF_Tcu_InhCda,0,1596171642.816583
CF_Tcu_InhCda,0,1596171642.853761
CF_Tcu_InhCda,0,1596171642.882731
CF_Tcu_InhCda,0,1596171642.9066448
CF_Tcu_InhCda,0,1596171642.964397
CF_Tcu_InhCda,0,1596171643.025522
CF_Tcu_InhCda,0,1596171643.0746481
CF_Tcu_InhCda,0,1596171643.083194
CF_Tcu_InhCda,0,1596171643.103729
CF_Tcu_InhCda,0,1596171643.1278439
CF_Tcu_InhCda,0,1596171643.205696
CF_Tcu_InhCda,0,1596171643.38594
CF_Tcu_InhCda,0,1596171643.3941212
CF_Tcu_InhCda,0,1596171643.4031339
CF_Tcu_InhCda,0,1596171643.4149382
CF_Tcu_InhCda,0,1596171643.426881
CF_Tcu_InhCda,0,1596171643.4554794
CF_Tcu_InhCda,0,1596171643.5743608
CF_Tcu_InhCda,0,1596171643.594878
CF_Tcu_InhCda,0,1596171643.6729212
CF_Tcu_InhCda,0,1596171643.6848829
CF_Tcu_InhCda,0,1596171643.7054381
CF_Tcu_InhCda,0,1596171643.725854
CF_Tcu_InhCda,0,1596171643.763283
CF_Tcu_InhCda,0,1596171643.816055
CF_Tcu_InhCda,0,1596171643.8653119
CF_Tcu_InhCda,0,1596171643.8738072
CF_Tcu_InhCda,0,1596171643.894172
CF_Tcu_InhCda,0,1596171643.9720972
CF_Tcu_InhCda,0,1596171643.983957
CF_Tcu_InhCda,0,1596171644.025385
CF_Tcu_InhCda,0,1596171644.233857
CF_Tcu_InhCda,0,1596171644.2630332
CF_Tcu_InhCda,0,1596171644.303676
CF_Tcu_InhCda,0,1596171644.3527832
CF_Tcu_InhCda,0,1596171644.365074
CF_Tcu_InhCda,0,1596171644.385342
CF_Tcu_InhCda,0,1596171644.4057431
CF_Tcu_InhCda,0,1596171644.42628
CF_Tcu_InhCda,0,1596171644.685067
CF_Tcu_InhCda,0,1596171644.704833
CF_Tcu_InhCda,0,1596171644.7338212
CF_Tcu_InhCda,0,1596171644.762642
CF_Tcu_InhCda,0,1596171644.815719
CF_Tcu_InhCda,0,1596171644.963406
CF_Tcu_InhCda,0,1596171645.028275
CF_Tcu_InhCda,0,1596171645.093905
CF_Tcu_InhCda,0,1596171645.106128
CF_Tcu_InhCda,0,1596171645.155232
CF_Tcu_InhCda,0,1596171645.2044039
CF_Tcu_InhCda,0,1596171645.262516
CF_Tcu_InhCda,0,1596171645.294677
CF_Tcu_InhCda,0,1596171645.365601
CF_Tcu_InhCda,0,1596171645.442696
CF_Tcu_InhCda,0,1596171645.466611
CF_Tcu_InhCda,0,1596171645.487165
CF_Tcu_InhCda,0,1596171645.4951546
CF_Tcu_InhCda,0,1596171645.5770712
CF_Tcu_InhCda,0,1596171645.5936391
CF_Tcu_InhCda,0,1596171645.605869
CF_Tcu_InhCda,0,1596171645.663808
CF_Tcu_InhCda,0,1596171645.67555
CF_Tcu_InhCda,0,1596171645.782372
CF_Tcu_InhCda,0,1596171645.8232448
CF_Tcu_InhCda,0,1596171645.872463
CF_Tcu_InhCda,0,1596171645.884387
CF_Tcu_InhCda,0,1596171645.893173
CF_Tcu_InhCda,0,1596171645.9049141
CF_Tcu_InhCda,0,1596171645.9260108
CF_Tcu_InhCda,0,1596171645.954356
CF_Tcu_InhCda,0,1596171645.994951
CF_Tcu_InhCda,0,1596171646.0239651
CF_Tcu_InhCda,0,1596171646.2243052
CF_Tcu_InhCda,0,1596171646.445431
CF_Tcu_InhCda,0,1596171646.482883
CF_Tcu_InhCda,0,1596171646.523434
CF_Tcu_InhCda,0,1596171646.565769
CF_Tcu_InhCda,0,1596171646.5728118
CF_Tcu_InhCda,0,1596171646.584982
CF_Tcu_InhCda,0,1596171646.793632
CF_Tcu_InhCda,0,1596171646.805853
CF_Tcu_InhCda,0,1596171646.8555489
CF_Tcu_InhCda,0,1596171646.8639169
CF_Tcu_InhCda,0,1596171646.8842359
CF_Tcu_InhCda,0,1596171646.937037
CF_Tcu_InhCda,0,1596171647.0150108
CF_Tcu_InhCda,0,1596171647.084568
CF_Tcu_InhCda,0,1596171647.114284
CF_Tcu_InhCda,0,1596171647.1253982
CF_Tcu_InhCda,0,1596171647.1340249
CF_Tcu_InhCda,0,1596171647.166292
CF_Tcu_InhCda,0,1596171647.1830864
CF_Tcu_InhCda,0,1596171647.195004
CF_Tcu_InhCda,0,1596171647.203656
CF_Tcu_InhCda,0,1596171647.265054
CF_Tcu_InhCda,0,1596171647.285114
CF_Tcu_InhCda,0,1596171647.3018694
CF_Tcu_InhCda,0,1596171647.366959
CF_Tcu_InhCda,0,1596171647.465513
CF_Tcu_InhCda,0,1596171647.485763
CF_Tcu_InhCda,0,1596171647.506235
CF_Tcu_InhCda,0,1596171647.5267258
CF_Tcu_InhCda,0,1596171647.543447
CF_Tcu_InhCda,0,1596171647.592726
CF_Tcu_InhCda,0,1596171647.686419
CF_Tcu_InhCda,0,1596171647.7525814
CF_Tcu_InhCda,0,1596171647.7647538
CF_Tcu_InhCda,0,1596171647.776515
CF_Tcu_InhCda,0,1596171647.8144488
CF_Tcu_InhCda,0,1596171647.866768
CF_Tcu_InhCda,0,1596171647.895403
CF_Tcu_InhCda,0,1596171647.953134
CF_Tcu_InhCda,0,1596171647.9736464
CF_Tcu_InhCda,0,1596171648.104332
CF_Tcu_InhCda,0,1596171648.124834
CF_Tcu_InhCda,0,1596171648.1370509
CF_Tcu_InhCda,0,1596171648.202968
CF_Tcu_InhCda,0,1596171648.223536
CF_Tcu_InhCda,0,1596171648.264297
CF_Tcu_InhCda,0,1596171648.276317
CF_Tcu_InhCda,0,1596171648.284481
CF_Tcu_InhCda,0,1596171648.4155948
CF_Tcu_InhCda,0,1596171648.4241881
CF_Tcu_InhCda,0,1596171648.4527302
CF_Tcu_InhCda,0,1596171648.4938312
CF_Tcu_InhCda,0,1596171648.56329
CF_Tcu_InhCda,0,1596171648.608062
CF_Tcu_InhCda,0,1596171648.702913
CF_Tcu_InhCda,0,1596171648.7353609
CF_Tcu_InhCda,0,1596171648.743509
CF_Tcu_InhCda,0,1596171648.775955
CF_Tcu_InhCda,0,1596171649.034177
CF_Tcu_InhCda,0,1596171649.054522
CF_Tcu_InhCda,0,1596171649.066741
CF_Tcu_InhCda,0,1596171649.165327
CF_Tcu_InhCda,0,1596171649.2720358
CF_Tcu_InhCda,0,1596171649.313347
CF_Tcu_InhCda,0,1596171649.333484
CF_Tcu_InhCda,0,1596171649.3535461
CF_Tcu_InhCda,0,1596171649.36571
CF_Tcu_InhCda,0,1596171649.386274
CF_Tcu_InhCda,0,1596171649.39501
CF_Tcu_InhCda,0,1596171649.4030151
CF_Tcu_InhCda,0,1596171649.476327
CF_Tcu_InhCda,0,1596171649.4845679
CF_Tcu_InhCda,0,1596171649.6156318
CF_Tcu_InhCda,0,1596171649.6651769
CF_Tcu_InhCda,0,1596171649.685623
CF_Tcu_InhCda,0,1596171649.693465
CF_Tcu_InhCda,0,1596171649.705748
CF_Tcu_InhCda,0,1596171649.714966
CF_Tcu_InhCda,0,1596171649.8654988
CF_Tcu_InhCda,0,1596171649.9555461
CF_Tcu_InhCda,0,1596171650.025263
CF_Tcu_InhCda,0,1596171650.0832806
CF_Tcu_InhCda,0,1596171650.0949118
CF_Tcu_InhCda,0,1596171650.1035562
CF_Tcu_InhCda,0,1596171650.1849668
CF_Tcu_InhCda,0,1596171650.2639132
CF_Tcu_InhCda,0,1596171650.275247
CF_Tcu_InhCda,0,1596171650.2835796
CF_Tcu_InhCda,0,1596171650.29557
CF_Tcu_InhCda,0,1596171650.304126
CF_Tcu_InhCda,0,1596171650.316242
CF_Tcu_InhCda,0,1596171650.324244
CF_Tcu_InhCda,0,1596171650.336424
CF_Tcu_InhCda,0,1596171650.3532748
CF_Tcu_InhCda,0,1596171650.373698
CF_Tcu_InhCda,0,1596171650.4348226
CF_Tcu_InhCda,0,1596171650.496463
CF_Tcu_InhCda,0,1596171650.565804
CF_Tcu_InhCda,0,1596171650.5740821
CF_Tcu_InhCda,0,1596171650.586308
CF_Tcu_InhCda,0,1596171650.594576
CF_Tcu_InhCda,0,1596171650.635531
CF_Tcu_InhCda,0,1596171650.6846411
CF_Tcu_InhCda,0,1596171650.7255518
CF_Tcu_InhCda,0,1596171650.803823
CF_Tcu_InhCda,0,1596171650.873558
CF_Tcu_InhCda,0,1596171650.885352
CF_Tcu_InhCda,0,1596171650.9058971
CF_Tcu_InhCda,0,1596171650.926192
CF_Tcu_InhCda,0,1596171650.9346142
CF_Tcu_InhCda,0,1596171650.975627
CF_Tcu_InhCda,0,1596171650.996011
CF_Tcu_InhCda,0,1596171651.033438
CF_Tcu_InhCda,0,1596171651.233986
CF_Tcu_InhCda,0,1596171651.266284
CF_Tcu_InhCda,0,1596171651.335863
CF_Tcu_InhCda,0,1596171651.3731868
CF_Tcu_InhCda,0,1596171651.495658
CF_Tcu_InhCda,0,1596171651.5365481
CF_Tcu_InhCda,0,1596171651.5570474
CF_Tcu_InhCda,0,1596171651.5737238
CF_Tcu_InhCda,0,1596171651.614757
CF_Tcu_InhCda,0,1596171651.655427
CF_Tcu_InhCda,0,1596171651.7250562
CF_Tcu_InhCda,0,1596171651.8151288
CF_Tcu_InhCda,0,1596171651.8238454
CF_Tcu_InhCda,0,1596171651.836139
CF_Tcu_InhCda,0,1596171651.855995
CF_Tcu_InhCda,0,1596171651.9052072
CF_Tcu_InhCda,0,1596171652.0160608
CF_Tcu_InhCda,0,1596171652.0566669
CF_Tcu_InhCda,0,1596171652.0978448
CF_Tcu_InhCda,0,1596171652.1644368
CF_Tcu_InhCda,0,1596171652.2332218
CF_Tcu_InhCda,0,1596171652.24511
CF_Tcu_InhCda,0,1596171652.273901
CF_Tcu_InhCda,0,1596171652.298382
CF_Tcu_InhCda,0,1596171652.335201
CF_Tcu_InhCda,0,1596171652.355778
CF_Tcu_InhCda,0,1596171652.43764
CF_Tcu_InhCda,0,1596171652.445894
CF_Tcu_InhCda,0,1596171652.4545002
CF_Tcu_InhCda,0,1596171652.654808
CF_Tcu_InhCda,0,1596171652.7243881
CF_Tcu_InhCda,0,1596171652.736692
CF_Tcu_InhCda,0,1596171652.757102
CF_Tcu_InhCda,0,1596171652.814785
CF_Tcu_InhCda,0,1596171652.834878
CF_Tcu_InhCda,0,1596171652.896769
CF_Tcu_InhCda,0,1596171652.925121
CF_Tcu_InhCda,0,1596171652.9337118
CF_Tcu_InhCda,0,1596171653.023968
CF_Tcu_InhCda,0,1596171653.035597
CF_Tcu_InhCda,0,1596171653.056116
CF_Tcu_InhCda,0,1596171653.1053784
CF_Tcu_InhCda,0,1596171653.1749911
CF_Tcu_InhCda,0,1596171653.2736056
CF_Tcu_InhCda,0,1596171653.2854831
CF_Tcu_InhCda,0,1596171653.294048
CF_Tcu_InhCda,0,1596171653.305968
CF_Tcu_InhCda,0,1596171653.31539
CF_Tcu_InhCda,0,1596171653.326422
CF_Tcu_InhCda,0,1596171653.335079
CF_Tcu_InhCda,0,1596171653.3591821
CF_Tcu_InhCda,0,1596171653.3676019
CF_Tcu_InhCda,0,1596171653.37603
CF_Tcu_InhCda,0,1596171653.404639
CF_Tcu_InhCda,0,1596171653.4248679
CF_Tcu_InhCda,0,1596171653.433697
CF_Tcu_InhCda,0,1596171653.494384
CF_Tcu_InhCda,0,1596171653.6255722
CF_Tcu_InhCda,0,1596171653.634012
CF_Tcu_InhCda,0,1596171653.707375
CF_Tcu_InhCda,0,1596171653.736084
CF_Tcu_InhCda,0,1596171653.7856212
CF_Tcu_InhCda,0,1596171653.7938788
CF_Tcu_InhCda,0,1596171653.846876
CF_Tcu_InhCda,0,1596171653.957259
CF_Tcu_InhCda,0,1596171653.9657366
CF_Tcu_InhCda,0,1596171653.977721
CF_Tcu_InhCda,0,1596171654.055514
CF_Tcu_InhCda,0,1596171654.145556
CF_Tcu_InhCda,0,1596171654.1948009
CF_Tcu_InhCda,0,1596171654.2031958
CF_Tcu_InhCda,0,1596171654.215317
CF_Tcu_InhCda,0,1596171654.223732
CF_Tcu_InhCda,0,1596171654.2360058
CF_Tcu_InhCda,0,1596171654.265567
CF_Tcu_InhCda,0,1596171654.363425
CF_Tcu_InhCda,0,1596171654.375082
CF_Tcu_InhCda,0,1596171654.4161322
CF_Tcu_InhCda,0,1596171654.4241412
CF_Tcu_InhCda,0,1596171654.436251
CF_Tcu_InhCda,0,1596171654.444606
CF_Tcu_InhCda,0,1596171654.4856892
CF_Tcu_InhCda,0,1596171654.494051
CF_Tcu_InhCda,0,1596171654.506028
CF_Tcu_InhCda,0,1596171654.575976
CF_Tcu_InhCda,0,1596171654.666144
CF_Tcu_InhCda,0,1596171654.677976
CF_Tcu_InhCda,0,1596171654.6947572
CF_Tcu_InhCda,0,1596171654.723555
CF_Tcu_InhCda,0,1596171654.743954
CF_Tcu_InhCda,0,1596171654.7726061
CF_Tcu_InhCda,0,1596171654.784756
CF_Tcu_InhCda,0,1596171654.797076
CF_Tcu_InhCda,0,1596171654.805543
CF_Tcu_InhCda,0,1596171654.8254778
CF_Tcu_InhCda,0,1596171654.834199
CF_Tcu_InhCda,0,1596171654.85457
CF_Tcu_InhCda,0,1596171654.8667731
CF_Tcu_InhCda,0,1596171654.9564471
CF_Tcu_InhCda,0,1596171654.9853704
CF_Tcu_InhCda,0,1596171655.034635
CF_Tcu_InhCda,0,1596171655.075413
CF_Tcu_InhCda,0,1596171655.083916
CF_Tcu_InhCda,0,1596171655.095884
CF_Tcu_InhCda,0,1596171655.1042712
CF_Tcu_InhCda,0,1596171655.116258
CF_Tcu_InhCda,0,1596171655.12461
CF_Tcu_InhCda,0,1596171655.2969868
CF_Tcu_InhCda,0,1596171655.3135624
CF_Tcu_InhCda,0,1596171655.394904
CF_Tcu_InhCda,0,1596171655.4362679
CF_Tcu_InhCda,0,1596171655.4562054
CF_Tcu_InhCda,0,1596171655.465503
CF_Tcu_InhCda,0,1596171655.5053618
CF_Tcu_InhCda,0,1596171655.575844
CF_Tcu_InhCda,0,1596171655.685699
CF_Tcu_InhCda,0,1596171655.714756
CF_Tcu_InhCda,0,1596171655.726615
CF_Tcu_InhCda,0,1596171655.7352118
CF_Tcu_InhCda,0,1596171655.755639
CF_Tcu_InhCda,0,1596171655.76456
CF_Tcu_InhCda,0,1596171655.7758439
CF_Tcu_InhCda,0,1596171655.8659391
CF_Tcu_InhCda,0,1596171656.0054471
CF_Tcu_InhCda,0,1596171656.025551
CF_Tcu_InhCda,0,1596171656.0344572
CF_Tcu_InhCda,0,1596171656.1360588
CF_Tcu_InhCda,0,1596171656.156589
CF_Tcu_InhCda,0,1596171656.165239
CF_Tcu_InhCda,0,1596171656.173384
CF_Tcu_InhCda,0,1596171656.1853712
CF_Tcu_InhCda,0,1596171656.21441
CF_Tcu_InhCda,0,1596171656.3163881
CF_Tcu_InhCda,0,1596171656.325165
CF_Tcu_InhCda,0,1596171656.3332238
CF_Tcu_InhCda,0,1596171656.3572938
CF_Tcu_InhCda,0,1596171656.3737519
CF_Tcu_InhCda,0,1596171656.394571
CF_Tcu_InhCda,0,1596171656.435154
CF_Tcu_InhCda,0,1596171656.4843898
CF_Tcu_InhCda,0,1596171656.496748
CF_Tcu_InhCda,0,1596171656.5626721
CF_Tcu_InhCda,0,1596171656.586784
CF_Tcu_InhCda,0,1596171656.594944
CF_Tcu_InhCda,0,1596171656.603683
CF_Tcu_InhCda,0,1596171656.615488
CF_Tcu_InhCda,0,1596171656.6276278
CF_Tcu_InhCda,0,1596171656.6361194
CF_Tcu_InhCda,0,1596171656.6440806
CF_Tcu_InhCda,0,1596171656.6563454
CF_Tcu_InhCda,0,1596171656.6655369
CF_Tcu_InhCda,0,1596171656.6849089
CF_Tcu_InhCda,0,1596171656.6975622
CF_Tcu_InhCda,0,1596171656.8855991
CF_Tcu_InhCda,0,1596171656.8943279
CF_Tcu_InhCda,0,1596171656.9266481
CF_Tcu_InhCda,0,1596171656.955414
CF_Tcu_InhCda,0,1596171657.0335882
CF_Tcu_InhCda,0,1596171657.045462
CF_Tcu_InhCda,0,1596171657.0659099
CF_Tcu_InhCda,0,1596171657.074535
CF_Tcu_InhCda,0,1596171657.135442
CF_Tcu_InhCda,0,1596171657.20519
CF_Tcu_InhCda,0,1596171657.2143981
CF_Tcu_InhCda,0,1596171657.2257
CF_Tcu_InhCda,0,1596171657.2378552
CF_Tcu_InhCda,0,1596171657.254642
CF_Tcu_InhCda,0,1596171657.3158
CF_Tcu_InhCda,0,1596171657.324178
CF_Tcu_InhCda,0,1596171657.344476
CF_Tcu_InhCda,0,1596171657.3653061
CF_Tcu_InhCda,0,1596171657.504499
CF_Tcu_InhCda,0,1596171657.516428
CF_Tcu_InhCda,0,1596171657.5251286
CF_Tcu_InhCda,0,1596171657.6679866
CF_Tcu_InhCda,0,1596171657.684382
CF_Tcu_InhCda,0,1596171657.7253768
CF_Tcu_InhCda,0,1596171657.774563
CF_Tcu_InhCda,0,1596171657.82775
CF_Tcu_InhCda,0,1596171657.8358462
CF_Tcu_InhCda,0,1596171657.85641
CF_Tcu_InhCda,0,1596171657.893334
CF_Tcu_InhCda,0,1596171657.963892
CF_Tcu_InhCda,0,1596171657.975213
CF_Tcu_InhCda,0,1596171658.077497
CF_Tcu_InhCda,0,1596171658.114573
CF_Tcu_InhCda,0,1596171658.1554492
CF_Tcu_InhCda,0,1596171658.3033466
CF_Tcu_InhCda,0,1596171658.385039
CF_Tcu_InhCda,0,1596171658.397202
CF_Tcu_InhCda,0,1596171658.4869928
CF_Tcu_InhCda,0,1596171658.4953294
CF_Tcu_InhCda,0,1596171658.504443
CF_Tcu_InhCda,0,1596171658.524287
CF_Tcu_InhCda,0,1596171658.5656419
CF_Tcu_InhCda,0,1596171658.704486
CF_Tcu_InhCda,0,1596171658.7165868
CF_Tcu_InhCda,0,1596171658.7253306
CF_Tcu_InhCda,0,1596171658.733305
CF_Tcu_InhCda,0,1596171658.745173
CF_Tcu_InhCda,0,1596171658.7537599
CF_Tcu_InhCda,0,1596171658.8270466
CF_Tcu_InhCda,0,1596171658.835443
CF_Tcu_InhCda,0,1596171658.995124
CF_Tcu_InhCda,0,1596171659.035972
CF_Tcu_InhCda,0,1596171659.1637712
CF_Tcu_InhCda,0,1596171659.2943966
CF_Tcu_InhCda,0,1596171659.355453
CF_Tcu_InhCda,0,1596171659.364693
CF_Tcu_InhCda,0,1596171659.404594
CF_Tcu_InhCda,0,1596171659.4252238
CF_Tcu_InhCda,0,1596171659.433738
CF_Tcu_InhCda,0,1596171659.466005
CF_Tcu_InhCda,0,1596171659.4865124
CF_Tcu_InhCda,0,1596171659.5524359
CF_Tcu_InhCda,0,1596171659.5646238
CF_Tcu_InhCda,0,1596171659.584929
CF_Tcu_InhCda,0,1596171659.605867
CF_Tcu_InhCda,0,1596171659.625803
CF_Tcu_InhCda,0,1596171659.634423
CF_Tcu_InhCda,0,1596171659.704024
CF_Tcu_InhCda,0,1596171659.7243168
CF_Tcu_InhCda,0,1596171659.855167
CF_Tcu_InhCda,0,1596171659.864487
CF_Tcu_InhCda,0,1596171659.875571
CF_Tcu_InhCda,0,1596171659.925395
CF_Tcu_InhCda,0,1596171660.1832821
CF_Tcu_InhCda,0,1596171660.227912
CF_Tcu_InhCda,0,1596171660.265523
CF_Tcu_InhCda,0,1596171660.285165
CF_Tcu_InhCda,0,1596171660.4162278
CF_Tcu_InhCda,0,1596171660.485781
CF_Tcu_InhCda,0,1596171660.506319
CF_Tcu_InhCda,0,1596171660.526809
CF_Tcu_InhCda,0,1596171660.5647368
CF_Tcu_InhCda,0,1596171660.633932
CF_Tcu_InhCda,0,1596171660.794121
CF_Tcu_InhCda,0,1596171660.8054528
CF_Tcu_InhCda,0,1596171660.9077382
CF_Tcu_InhCda,0,1596171660.965198
CF_Tcu_InhCda,0,1596171661.0645828
CF_Tcu_InhCda,0,1596171661.084327
CF_Tcu_InhCda,0,1596171661.096243
CF_Tcu_InhCda,0,1596171661.1084461
CF_Tcu_InhCda,0,1596171661.1249778
CF_Tcu_InhCda,0,1596171661.293452
CF_Tcu_InhCda,0,1596171661.374814
CF_Tcu_InhCda,0,1596171661.3833542
CF_Tcu_InhCda,0,1596171661.395326
CF_Tcu_InhCda,0,1596171661.4039161
CF_Tcu_InhCda,0,1596171661.4157078
CF_Tcu_InhCda,0,1596171661.427884
CF_Tcu_InhCda,0,1596171661.444416
CF_Tcu_InhCda,0,1596171661.526309
CF_Tcu_InhCda,0,1596171661.5345259
CF_Tcu_InhCda,0,1596171661.66556
CF_Tcu_InhCda,0,1596171661.674082
CF_Tcu_InhCda,0,1596171661.7723148
CF_Tcu_InhCda,0,1596171661.784412
CF_Tcu_InhCda,0,1596171661.804852
CF_Tcu_InhCda,0,1596171661.8254108
CF_Tcu_InhCda,0,1596171661.874484
CF_Tcu_InhCda,0,1596171661.886697
CF_Tcu_InhCda,0,1596171661.894912
CF_Tcu_InhCda,0,1596171661.985311
CF_Tcu_InhCda,0,1596171662.0058892
CF_Tcu_InhCda,0,1596171662.0259721
CF_Tcu_InhCda,0,1596171662.1043286
CF_Tcu_InhCda,0,1596171662.1246052
CF_Tcu_InhCda,0,1596171662.255383
CF_Tcu_InhCda,0,1596171662.2758489
CF_Tcu_InhCda,0,1596171662.284651
CF_Tcu_InhCda,0,1596171662.296551
CF_Tcu_InhCda,0,1596171662.3048232
CF_Tcu_InhCda,0,1596171662.357693
CF_Tcu_InhCda,0,1596171662.4272401
CF_Tcu_InhCda,0,1596171662.4647071
CF_Tcu_InhCda,0,1596171662.484668
CF_Tcu_InhCda,0,1596171662.5633411
CF_Tcu_InhCda,0,1596171662.6075
CF_Tcu_InhCda,0,1596171662.6156461
CF_Tcu_InhCda,0,1596171662.624228
CF_Tcu_InhCda,0,1596171662.656828
CF_Tcu_InhCda,0,1596171662.66515
CF_Tcu_InhCda,0,1596171662.7263172
CF_Tcu_InhCda,0,1596171662.735039
CF_Tcu_InhCda,0,1596171662.7960699
CF_Tcu_InhCda,0,1596171662.8367536
CF_Tcu_InhCda,0,1596171662.8741288
CF_Tcu_InhCda,0,1596171662.8861592
CF_Tcu_InhCda,0,1596171662.8948221
CF_Tcu_InhCda,0,1596171662.915375
CF_Tcu_InhCda,0,1596171662.935215
CF_Tcu_InhCda,0,1596171662.943875
CF_Tcu_InhCda,0,1596171662.976041
CF_Tcu_InhCda,0,1596171663.083102
CF_Tcu_InhCda,0,1596171663.1767511
CF_Tcu_InhCda,0,1596171663.185188
CF_Tcu_InhCda,0,1596171663.226091
CF_Tcu_InhCda,0,1596171663.275247
CF_Tcu_InhCda,0,1596171663.2873046
CF_Tcu_InhCda,0,1596171663.324727
CF_Tcu_InhCda,0,1596171663.4266171
CF_Tcu_InhCda,0,1596171663.475958
CF_Tcu_InhCda,0,1596171663.48438
CF_Tcu_InhCda,0,1596171663.496473
CF_Tcu_InhCda,0,1596171663.5050151
CF_Tcu_InhCda,0,1596171663.533605
CF_Tcu_InhCda,0,1596171663.5455241
CF_Tcu_InhCda,0,1596171663.606923
CF_Tcu_InhCda,0,1596171663.665545
CF_Tcu_InhCda,0,1596171663.754399
CF_Tcu_InhCda,0,1596171663.77529
CF_Tcu_InhCda,0,1596171663.7871552
CF_Tcu_InhCda,0,1596171663.79589
CF_Tcu_InhCda,0,1596171663.803979
CF_Tcu_InhCda,0,1596171663.8158774
CF_Tcu_InhCda,0,1596171663.844552
CF_Tcu_InhCda,0,1596171663.8651538
CF_Tcu_InhCda,0,1596171663.873466
CF_Tcu_InhCda,0,1596171663.885513
CF_Tcu_InhCda,0,1596171663.906023
CF_Tcu_InhCda,0,1596171663.935316
CF_Tcu_InhCda,0,1596171663.9843981
CF_Tcu_InhCda,0,1596171664.036909
CF_Tcu_InhCda,0,1596171664.057417
CF_Tcu_InhCda,0,1596171664.074137
CF_Tcu_InhCda,0,1596171664.1438878
CF_Tcu_InhCda,0,1596171664.1724534
CF_Tcu_InhCda,0,1596171664.196857
CF_Tcu_InhCda,0,1596171664.23402
CF_Tcu_InhCda,0,1596171664.364801
CF_Tcu_InhCda,0,1596171664.3768618
CF_Tcu_InhCda,0,1596171664.385464
CF_Tcu_InhCda,0,1596171664.393588
CF_Tcu_InhCda,0,1596171664.405609
CF_Tcu_InhCda,0,1596171664.4838119
CF_Tcu_InhCda,0,1596171664.495816
CF_Tcu_InhCda,0,1596171664.504353
CF_Tcu_InhCda,0,1596171664.6230571
CF_Tcu_InhCda,0,1596171664.635159
CF_Tcu_InhCda,0,1596171664.675894
CF_Tcu_InhCda,0,1596171664.6966069
CF_Tcu_InhCda,0,1596171664.716853
CF_Tcu_InhCda,0,1596171664.733868
CF_Tcu_InhCda,0,1596171664.7865126
CF_Tcu_InhCda,0,1596171664.794782
CF_Tcu_InhCda,0,1596171664.823637
CF_Tcu_InhCda,0,1596171664.914562
CF_Tcu_InhCda,0,1596171664.9258392
CF_Tcu_InhCda,0,1596171664.9343631
CF_Tcu_InhCda,0,1596171664.9753618
CF_Tcu_InhCda,0,1596171664.995451
CF_Tcu_InhCda,0,1596171665.003952
CF_Tcu_InhCda,0,1596171665.036407
CF_Tcu_InhCda,0,1596171665.053355
CF_Tcu_InhCda,0,1596171665.073666
CF_Tcu_InhCda,0,1596171665.0855381
CF_Tcu_InhCda,0,1596171665.0939481
CF_Tcu_InhCda,0,1596171665.1059024
CF_Tcu_InhCda,0,1596171665.126496
CF_Tcu_InhCda,0,1596171665.175561
CF_Tcu_InhCda,0,1596171665.216578
CF_Tcu_InhCda,0,1596171665.253675
CF_Tcu_InhCda,0,1596171665.274255
CF_Tcu_InhCda,0,1596171665.286311
CF_Tcu_InhCda,0,1596171665.29843
CF_Tcu_InhCda,0,1596171665.3234448
CF_Tcu_InhCda,0,1596171665.3726368
CF_Tcu_InhCda,0,1596171665.393013
CF_Tcu_InhCda,0,1596171665.4631958
CF_Tcu_InhCda,0,1596171665.504077
CF_Tcu_InhCda,0,1596171665.565784
CF_Tcu_InhCda,0,1596171665.6959062
CF_Tcu_InhCda,0,1596171665.753498
CF_Tcu_InhCda,0,1596171665.8149838
CF_Tcu_InhCda,0,1596171665.823206
CF_Tcu_InhCda,0,1596171665.8759592
CF_Tcu_InhCda,0,1596171665.884664
CF_Tcu_InhCda,0,1596171665.8966892
CF_Tcu_InhCda,0,1596171665.9140232
CF_Tcu_InhCda,0,1596171665.9373538
CF_Tcu_InhCda,0,1596171665.9743679
CF_Tcu_InhCda,0,1596171665.9864068
CF_Tcu_InhCda,0,1596171665.994856
CF_Tcu_InhCda,0,1596171666.006943
CF_Tcu_InhCda,0,1596171666.105333
CF_Tcu_InhCda,0,1596171666.1258118
CF_Tcu_InhCda,0,1596171666.1343832
CF_Tcu_InhCda,0,1596171666.15488
CF_Tcu_InhCda,0,1596171666.163591
CF_Tcu_InhCda,0,1596171666.175027
CF_Tcu_InhCda,0,1596171666.1872482
CF_Tcu_InhCda,0,1596171666.204028
CF_Tcu_InhCda,0,1596171666.2654688
CF_Tcu_InhCda,0,1596171666.277284
CF_Tcu_InhCda,0,1596171666.3059762
CF_Tcu_InhCda,0,1596171666.3551412
CF_Tcu_InhCda,0,1596171666.425328
CF_Tcu_InhCda,0,1596171666.437057
CF_Tcu_InhCda,0,1596171666.46592
CF_Tcu_InhCda,0,1596171666.494498
CF_Tcu_InhCda,0,1596171666.535467
CF_Tcu_InhCda,0,1596171666.576283
CF_Tcu_InhCda,0,1596171666.58469
CF_Tcu_InhCda,0,1596171666.5972311
CF_Tcu_InhCda,0,1596171666.614091
CF_Tcu_InhCda,0,1596171666.6542046
CF_Tcu_InhCda,0,1596171666.756547
CF_Tcu_InhCda,0,1596171666.765165
CF_Tcu_InhCda,0,1596171666.777042
CF_Tcu_InhCda,0,1596171666.797765
CF_Tcu_InhCda,0,1596171666.8057976
CF_Tcu_InhCda,0,1596171666.838526
CF_Tcu_InhCda,0,1596171666.867131
CF_Tcu_InhCda,0,1596171666.875393
CF_Tcu_InhCda,0,1596171666.883934
CF_Tcu_InhCda,0,1596171667.0148852
CF_Tcu_InhCda,0,1596171667.043686
CF_Tcu_InhCda,0,1596171667.0646858
CF_Tcu_InhCda,0,1596171667.194933
CF_Tcu_InhCda,0,1596171667.3345568
CF_Tcu_InhCda,0,1596171667.387178
CF_Tcu_InhCda,0,1596171667.403871
CF_Tcu_InhCda,0,1596171667.415937
CF_Tcu_InhCda,0,1596171667.453301
CF_Tcu_InhCda,0,1596171667.465382
CF_Tcu_InhCda,0,1596171667.518328
CF_Tcu_InhCda,0,1596171667.52247
CF_Tcu_InhCda,0,1596171667.5926132
CF_Tcu_InhCda,0,1596171667.6044931
CF_Tcu_InhCda,0,1596171667.6166391
CF_Tcu_InhCda,0,1596171667.6453712
CF_Tcu_InhCda,0,1596171667.654054
CF_Tcu_InhCda,0,1596171667.6780858
CF_Tcu_InhCda,0,1596171667.6986392
CF_Tcu_InhCda,0,1596171667.7559562
CF_Tcu_InhCda,0,1596171667.7763472
CF_Tcu_InhCda,0,1596171667.9039161
CF_Tcu_InhCda,0,1596171667.915688
CF_Tcu_InhCda,0,1596171668.02631
CF_Tcu_InhCda,0,1596171668.0755231
CF_Tcu_InhCda,0,1596171668.1163046
CF_Tcu_InhCda,0,1596171668.1247358
CF_Tcu_InhCda,0,1596171668.153833
CF_Tcu_InhCda,0,1596171668.1943061
CF_Tcu_InhCda,0,1596171668.276192
CF_Tcu_InhCda,0,1596171668.29323
CF_Tcu_InhCda,0,1596171668.395415
CF_Tcu_InhCda,0,1596171668.4562829
CF_Tcu_InhCda,0,1596171668.534137
CF_Tcu_InhCda,0,1596171668.554668
CF_Tcu_InhCda,0,1596171668.563701
CF_Tcu_InhCda,0,1596171668.575232
CF_Tcu_InhCda,0,1596171668.6244214
CF_Tcu_InhCda,0,1596171668.723049
CF_Tcu_InhCda,0,1596171668.825687
CF_Tcu_InhCda,0,1596171668.915345
CF_Tcu_InhCda,0,1596171668.9559958
CF_Tcu_InhCda,0,1596171668.985353
CF_Tcu_InhCda,0,1596171668.997261
CF_Tcu_InhCda,0,1596171669.005192
CF_Tcu_InhCda,0,1596171669.013864
CF_Tcu_InhCda,0,1596171669.034262
CF_Tcu_InhCda,0,1596171669.074881
CF_Tcu_InhCda,0,1596171669.1158214
CF_Tcu_InhCda,0,1596171669.124308
CF_Tcu_InhCda,0,1596171669.156654
CF_Tcu_InhCda,0,1596171669.1772218
CF_Tcu_InhCda,0,1596171669.185951
CF_Tcu_InhCda,0,1596171669.1939108
CF_Tcu_InhCda,0,1596171669.214495
CF_Tcu_InhCda,0,1596171669.2672448
CF_Tcu_InhCda,0,1596171669.2756882
CF_Tcu_InhCda,0,1596171669.2841556
CF_Tcu_InhCda,0,1596171669.3538294
CF_Tcu_InhCda,0,1596171669.386045
CF_Tcu_InhCda,0,1596171669.423403
CF_Tcu_InhCda,0,1596171669.435614
CF_Tcu_InhCda,0,1596171669.456162
CF_Tcu_InhCda,0,1596171669.4650311
CF_Tcu_InhCda,0,1596171669.47619
CF_Tcu_InhCda,0,1596171669.4930694
CF_Tcu_InhCda,0,1596171669.534219
CF_Tcu_InhCda,0,1596171669.586713
CF_Tcu_InhCda,0,1596171669.693716
CF_Tcu_InhCda,0,1596171669.7259881
CF_Tcu_InhCda,0,1596171669.755171
CF_Tcu_InhCda,0,1596171669.775182
CF_Tcu_InhCda,0,1596171669.7839284
CF_Tcu_InhCda,0,1596171669.816247
CF_Tcu_InhCda,0,1596171669.824407
CF_Tcu_InhCda,0,1596171669.886416
CF_Tcu_InhCda,0,1596171669.898318
CF_Tcu_InhCda,0,1596171670.037212
CF_Tcu_InhCda,0,1596171670.057843
CF_Tcu_InhCda,0,1596171670.0742779
CF_Tcu_InhCda,0,1596171670.1442306
CF_Tcu_InhCda,0,1596171670.15607
CF_Tcu_InhCda,0,1596171670.164928
CF_Tcu_InhCda,0,1596171670.303823
CF_Tcu_InhCda,0,1596171670.336261
CF_Tcu_InhCda,0,1596171670.344546
CF_Tcu_InhCda,0,1596171670.406467
CF_Tcu_InhCda,0,1596171670.434746
CF_Tcu_InhCda,0,1596171670.464426
CF_Tcu_InhCda,0,1596171670.487861
CF_Tcu_InhCda,0,1596171670.496125
CF_Tcu_InhCda,0,1596171670.623353
CF_Tcu_InhCda,0,1596171670.656058
CF_Tcu_InhCda,0,1596171670.665005
CF_Tcu_InhCda,0,1596171670.676159
CF_Tcu_InhCda,0,1596171670.7054431
CF_Tcu_InhCda,0,1596171670.766399
CF_Tcu_InhCda,0,1596171670.8037918
CF_Tcu_InhCda,0,1596171670.827817
CF_Tcu_InhCda,0,1596171670.864922
CF_Tcu_InhCda,0,1596171670.873558
CF_Tcu_InhCda,0,1596171670.893672
CF_Tcu_InhCda,0,1596171670.958905
CF_Tcu_InhCda,0,1596171670.967147
CF_Tcu_InhCda,0,1596171670.975458
CF_Tcu_InhCda,0,1596171671.004261
CF_Tcu_InhCda,0,1596171671.1232262
CF_Tcu_InhCda,0,1596171671.1553762
CF_Tcu_InhCda,0,1596171671.205078
CF_Tcu_InhCda,0,1596171671.216977
CF_Tcu_InhCda,0,1596171671.233741
CF_Tcu_InhCda,0,1596171671.307093
CF_Tcu_InhCda,0,1596171671.364703
CF_Tcu_InhCda,0,1596171671.3765602
CF_Tcu_InhCda,0,1596171671.3850381
CF_Tcu_InhCda,0,1596171671.393416
CF_Tcu_InhCda,0,1596171671.515959
CF_Tcu_InhCda,0,1596171671.528128
CF_Tcu_InhCda,0,1596171671.5364099
CF_Tcu_InhCda,0,1596171671.556795
CF_Tcu_InhCda,0,1596171671.5652618
CF_Tcu_InhCda,0,1596171671.585592
CF_Tcu_InhCda,0,1596171671.594214
CF_Tcu_InhCda,0,1596171671.655324
CF_Tcu_InhCda,0,1596171671.806667
CF_Tcu_InhCda,0,1596171671.814925
CF_Tcu_InhCda,0,1596171671.8271294
CF_Tcu_InhCda,0,1596171671.835556
CF_Tcu_InhCda,0,1596171671.8558831
CF_Tcu_InhCda,0,1596171671.868122
CF_Tcu_InhCda,0,1596171671.966511
CF_Tcu_InhCda,0,1596171671.9751801
CF_Tcu_InhCda,0,1596171671.986934
CF_Tcu_InhCda,0,1596171671.995101
CF_Tcu_InhCda,0,1596171672.044564
CF_Tcu_InhCda,0,1596171672.2246099
CF_Tcu_InhCda,0,1596171672.236683
CF_Tcu_InhCda,0,1596171672.2655802
CF_Tcu_InhCda,0,1596171672.2776859
CF_Tcu_InhCda,0,1596171672.2858722
CF_Tcu_InhCda,0,1596171672.3929179
CF_Tcu_InhCda,0,1596171672.4048212
CF_Tcu_InhCda,0,1596171672.416964
CF_Tcu_InhCda,0,1596171672.4255092
CF_Tcu_InhCda,0,1596171672.433769
CF_Tcu_InhCda,0,1596171672.454422
CF_Tcu_InhCda,0,1596171672.4663339
CF_Tcu_InhCda,0,1596171672.482958
CF_Tcu_InhCda,0,1596171672.535902
CF_Tcu_InhCda,0,1596171672.5562198
CF_Tcu_InhCda,0,1596171672.61454
CF_Tcu_InhCda,0,1596171672.683636
CF_Tcu_InhCda,0,1596171672.695522
CF_Tcu_InhCda,0,1596171672.7041109
CF_Tcu_InhCda,0,1596171672.716002
CF_Tcu_InhCda,0,1596171672.7283034
CF_Tcu_InhCda,0,1596171672.736594
CF_Tcu_InhCda,0,1596171672.756897
CF_Tcu_InhCda,0,1596171672.79822
CF_Tcu_InhCda,0,1596171672.864703
CF_Tcu_InhCda,0,1596171672.887906
CF_Tcu_InhCda,0,1596171672.904444
CF_Tcu_InhCda,0,1596171672.9657931
CF_Tcu_InhCda,0,1596171672.986371
CF_Tcu_InhCda,0,1596171673.015902
CF_Tcu_InhCda,0,1596171673.064424
CF_Tcu_InhCda,0,1596171673.097213
CF_Tcu_InhCda,0,1596171673.114423
CF_Tcu_InhCda,0,1596171673.154596
CF_Tcu_InhCda,0,1596171673.166512
CF_Tcu_InhCda,0,1596171673.1752472
CF_Tcu_InhCda,0,1596171673.305753
CF_Tcu_InhCda,0,1596171673.315029
CF_Tcu_InhCda,0,1596171673.326369
CF_Tcu_InhCda,0,1596171673.338505
CF_Tcu_InhCda,0,1596171673.3553226
CF_Tcu_InhCda,0,1596171673.364034
CF_Tcu_InhCda,0,1596171673.4450788
CF_Tcu_InhCda,0,1596171673.514716
CF_Tcu_InhCda,0,1596171673.6047368
CF_Tcu_InhCda,0,1596171673.614134
CF_Tcu_InhCda,0,1596171673.6253626
CF_Tcu_InhCda,0,1596171673.633814
CF_Tcu_InhCda,0,1596171673.723904
CF_Tcu_InhCda,0,1596171673.7563062
CF_Tcu_InhCda,0,1596171673.764842
CF_Tcu_InhCda,0,1596171673.773257
CF_Tcu_InhCda,0,1596171673.784907
CF_Tcu_InhCda,0,1596171673.8147762
CF_Tcu_InhCda,0,1596171673.854741
CF_Tcu_InhCda,0,1596171673.9042726
CF_Tcu_InhCda,0,1596171673.924701
CF_Tcu_InhCda,0,1596171673.936625
CF_Tcu_InhCda,0,1596171673.956973
CF_Tcu_InhCda,0,1596171673.9651868
CF_Tcu_InhCda,0,1596171673.973748
CF_Tcu_InhCda,0,1596171673.9857938
CF_Tcu_InhCda,0,1596171674.0558634
CF_Tcu_InhCda,0,1596171674.1659439
CF_Tcu_InhCda,0,1596171674.174475
CF_Tcu_InhCda,0,1596171674.206794
CF_Tcu_InhCda,0,1596171674.2151651
CF_Tcu_InhCda,0,1596171674.2273002
CF_Tcu_InhCda,0,1596171674.2356732
CF_Tcu_InhCda,0,1596171674.2559512
CF_Tcu_InhCda,0,1596171674.2645178
CF_Tcu_InhCda,0,1596171674.2728
CF_Tcu_InhCda,0,1596171674.284666
CF_Tcu_InhCda,0,1596171674.354315
CF_Tcu_InhCda,0,1596171674.363389
CF_Tcu_InhCda,0,1596171674.374812
CF_Tcu_InhCda,0,1596171674.415786
CF_Tcu_InhCda,0,1596171674.42435
CF_Tcu_InhCda,0,1596171674.4361768
CF_Tcu_InhCda,0,1596171674.4854689
CF_Tcu_InhCda,0,1596171674.493949
CF_Tcu_InhCda,0,1596171674.5843449
CF_Tcu_InhCda,0,1596171674.624668
CF_Tcu_InhCda,0,1596171674.6369019
CF_Tcu_InhCda,0,1596171674.6656802
CF_Tcu_InhCda,0,1596171674.776217
CF_Tcu_InhCda,0,1596171674.78485
CF_Tcu_InhCda,0,1596171674.796791
CF_Tcu_InhCda,0,1596171674.8049102
CF_Tcu_InhCda,0,1596171674.817268
CF_Tcu_InhCda,0,1596171674.825898
CF_Tcu_InhCda,0,1596171674.85426
CF_Tcu_InhCda,0,1596171674.886667
CF_Tcu_InhCda,0,1596171674.923998
CF_Tcu_InhCda,0,1596171675.054808
CF_Tcu_InhCda,0,1596171675.0669794
CF_Tcu_InhCda,0,1596171675.1078448
CF_Tcu_InhCda,0,1596171675.12447
CF_Tcu_InhCda,0,1596171675.136518
CF_Tcu_InhCda,0,1596171675.144786
CF_Tcu_InhCda,0,1596171675.1864018
CF_Tcu_InhCda,0,1596171675.2231061
CF_Tcu_InhCda,0,1596171675.234932
CF_Tcu_InhCda,0,1596171675.264649
CF_Tcu_InhCda,0,1596171675.325175
CF_Tcu_InhCda,0,1596171675.3660269
CF_Tcu_InhCda,0,1596171675.374604
CF_Tcu_InhCda,0,1596171675.4069061
CF_Tcu_InhCda,0,1596171675.415097
CF_Tcu_InhCda,0,1596171675.4239092
CF_Tcu_InhCda,0,1596171675.4560301
CF_Tcu_InhCda,0,1596171675.525718
CF_Tcu_InhCda,0,1596171675.53382
CF_Tcu_InhCda,0,1596171675.55442
CF_Tcu_InhCda,0,1596171675.574956
CF_Tcu_InhCda,0,1596171675.6939158
CF_Tcu_InhCda,0,1596171675.705871
CF_Tcu_InhCda,0,1596171675.726517
CF_Tcu_InhCda,0,1596171676.01349
CF_Tcu_InhCda,0,1596171676.0254874
CF_Tcu_InhCda,0,1596171676.124108
CF_Tcu_InhCda,0,1596171676.173263
CF_Tcu_InhCda,0,1596171676.1854908
CF_Tcu_InhCda,0,1596171676.3042321
CF_Tcu_InhCda,0,1596171676.3284369
CF_Tcu_InhCda,0,1596171676.4267352
CF_Tcu_InhCda,0,1596171676.465236
CF_Tcu_InhCda,0,1596171676.586377
CF_Tcu_InhCda,0,1596171676.606886
CF_Tcu_InhCda,0,1596171676.6157482
CF_Tcu_InhCda,0,1596171676.627475
CF_Tcu_InhCda,0,1596171676.635625
CF_Tcu_InhCda,0,1596171676.676553
CF_Tcu_InhCda,0,1596171676.734281
CF_Tcu_InhCda,0,1596171676.787112
CF_Tcu_InhCda,0,1596171676.885531
CF_Tcu_InhCda,0,1596171676.9760158
CF_Tcu_InhCda,0,1596171677.024801
CF_Tcu_InhCda,0,1596171677.0658052
CF_Tcu_InhCda,0,1596171677.1154351
CF_Tcu_InhCda,0,1596171677.155817
CF_Tcu_InhCda,0,1596171677.196934
CF_Tcu_InhCda,0,1596171677.2050726
CF_Tcu_InhCda,0,1596171677.2174444
CF_Tcu_InhCda,0,1596171677.22552
CF_Tcu_InhCda,0,1596171677.237739
CF_Tcu_InhCda,0,1596171677.254555
CF_Tcu_InhCda,0,1596171677.275125
CF_Tcu_InhCda,0,1596171677.324109
CF_Tcu_InhCda,0,1596171677.364856
CF_Tcu_InhCda,0,1596171677.373296
CF_Tcu_InhCda,0,1596171677.414286
CF_Tcu_InhCda,0,1596171677.484116
CF_Tcu_InhCda,0,1596171677.4958851
CF_Tcu_InhCda,0,1596171677.5044966
CF_Tcu_InhCda,0,1596171677.5162518
CF_Tcu_InhCda,0,1596171677.544908
CF_Tcu_InhCda,0,1596171677.626783
CF_Tcu_InhCda,0,1596171677.655466
CF_Tcu_InhCda,0,1596171677.795274
CF_Tcu_InhCda,0,1596171677.815305
CF_Tcu_InhCda,0,1596171677.823852
CF_Tcu_InhCda,0,1596171677.8356538
CF_Tcu_InhCda,0,1596171677.913986
CF_Tcu_InhCda,0,1596171677.938078
CF_Tcu_InhCda,0,1596171678.0855172
CF_Tcu_InhCda,0,1596171678.094295
CF_Tcu_InhCda,0,1596171678.106146
CF_Tcu_InhCda,0,1596171678.12639
CF_Tcu_InhCda,0,1596171678.13505
CF_Tcu_InhCda,0,1596171678.164502
CF_Tcu_InhCda,0,1596171678.1842966
CF_Tcu_InhCda,0,1596171678.1963148
CF_Tcu_InhCda,0,1596171678.2046974
CF_Tcu_InhCda,0,1596171678.286132
CF_Tcu_InhCda,0,1596171678.294934
CF_Tcu_InhCda,0,1596171678.3235118
CF_Tcu_InhCda,0,1596171678.37632
CF_Tcu_InhCda,0,1596171678.3846214
CF_Tcu_InhCda,0,1596171678.3970802
CF_Tcu_InhCda,0,1596171678.405087
CF_Tcu_InhCda,0,1596171678.463261
CF_Tcu_InhCda,0,1596171678.63444
CF_Tcu_InhCda,0,1596171678.6839972
CF_Tcu_InhCda,0,1596171678.6958249
CF_Tcu_InhCda,0,1596171678.704424
CF_Tcu_InhCda,0,1596171678.716393
CF_Tcu_InhCda,0,1596171678.725043
CF_Tcu_InhCda,0,1596171678.733124
CF_Tcu_InhCda,0,1596171678.826901
CF_Tcu_InhCda,0,1596171678.835157
CF_Tcu_InhCda,0,1596171678.876148
CF_Tcu_InhCda,0,1596171678.8845062
CF_Tcu_InhCda,0,1596171678.8967216
CF_Tcu_InhCda,0,1596171678.966143
CF_Tcu_InhCda,0,1596171678.974901
CF_Tcu_InhCda,0,1596171678.986656
CF_Tcu_InhCda,0,1596171679.0071962
CF_Tcu_InhCda,0,1596171679.015637
CF_Tcu_InhCda,0,1596171679.023882
CF_Tcu_InhCda,0,1596171679.0357828
CF_Tcu_InhCda,0,1596171679.125967
CF_Tcu_InhCda,0,1596171679.26525
CF_Tcu_InhCda,0,1596171679.2773972
CF_Tcu_InhCda,0,1596171679.315137
CF_Tcu_InhCda,0,1596171679.404404
CF_Tcu_InhCda,0,1596171679.4250221
CF_Tcu_InhCda,0,1596171679.433525
CF_Tcu_InhCda,0,1596171679.453931
CF_Tcu_InhCda,0,1596171679.465908
CF_Tcu_InhCda,0,1596171679.5032449
CF_Tcu_InhCda,0,1596171679.5645726
CF_Tcu_InhCda,0,1596171679.576395
CF_Tcu_InhCda,0,1596171679.5846589
CF_Tcu_InhCda,0,1596171679.596873
CF_Tcu_InhCda,0,1596171679.605512
CF_Tcu_InhCda,0,1596171679.617483
CF_Tcu_InhCda,0,1596171679.6256828
CF_Tcu_InhCda,0,1596171679.704024
CF_Tcu_InhCda,0,1596171679.7242491
CF_Tcu_InhCda,0,1596171679.793976
CF_Tcu_InhCda,0,1596171679.854951
CF_Tcu_InhCda,0,1596171679.864775
CF_Tcu_InhCda,0,1596171679.875584
CF_Tcu_InhCda,0,1596171679.887671
CF_Tcu_InhCda,0,1596171679.9041002
CF_Tcu_InhCda,0,1596171679.916349
CF_Tcu_InhCda,0,1596171679.924788
CF_Tcu_InhCda,0,1596171679.957294
CF_Tcu_InhCda,0,1596171679.9941962
CF_Tcu_InhCda,0,1596171680.00654
CF_Tcu_InhCda,0,1596171680.0269608
CF_Tcu_InhCda,0,1596171680.0357966
CF_Tcu_InhCda,0,1596171680.076235
CF_Tcu_InhCda,0,1596171680.096786
CF_Tcu_InhCda,0,1596171680.133788
CF_Tcu_InhCda,0,1596171680.154308
CF_Tcu_InhCda,0,1596171680.186662
CF_Tcu_InhCda,0,1596171680.203656
CF_Tcu_InhCda,0,1596171680.215468
CF_Tcu_InhCda,0,1596171680.256289
CF_Tcu_InhCda,0,1596171680.285016
CF_Tcu_InhCda,0,1596171680.3260312
CF_Tcu_InhCda,0,1596171680.334751
CF_Tcu_InhCda,0,1596171680.39571
CF_Tcu_InhCda,0,1596171680.4569442
CF_Tcu_InhCda,0,1596171680.465598
CF_Tcu_InhCda,0,1596171680.473736
CF_Tcu_InhCda,0,1596171680.485717
CF_Tcu_InhCda,0,1596171680.494342
CF_Tcu_InhCda,0,1596171680.506162
CF_Tcu_InhCda,0,1596171680.5144398
CF_Tcu_InhCda,0,1596171680.5266812
CF_Tcu_InhCda,0,1596171680.5553038
CF_Tcu_InhCda,0,1596171680.575988
CF_Tcu_InhCda,0,1596171680.6250482
CF_Tcu_InhCda,0,1596171680.756011
CF_Tcu_InhCda,0,1596171680.764742
CF_Tcu_InhCda,0,1596171680.772901
CF_Tcu_InhCda,0,1596171680.784908
CF_Tcu_InhCda,0,1596171680.797156
CF_Tcu_InhCda,0,1596171680.80525
CF_Tcu_InhCda,0,1596171680.9243839
CF_Tcu_InhCda,0,1596171680.9362981
CF_Tcu_InhCda,0,1596171680.9530072
CF_Tcu_InhCda,0,1596171680.9656
CF_Tcu_InhCda,0,1596171681.026253
CF_Tcu_InhCda,0,1596171681.0961368
CF_Tcu_InhCda,0,1596171681.1047962
CF_Tcu_InhCda,0,1596171681.1166232
CF_Tcu_InhCda,0,1596171681.165612
CF_Tcu_InhCda,0,1596171681.1943512
CF_Tcu_InhCda,0,1596171681.20651
CF_Tcu_InhCda,0,1596171681.2234054
CF_Tcu_InhCda,0,1596171681.2354171
CF_Tcu_InhCda,0,1596171681.296972
CF_Tcu_InhCda,0,1596171681.3539786
CF_Tcu_InhCda,0,1596171681.386875
CF_Tcu_InhCda,0,1596171681.395034
CF_Tcu_InhCda,0,1596171681.407226
CF_Tcu_InhCda,0,1596171681.415474
CF_Tcu_InhCda,0,1596171681.4359019
CF_Tcu_InhCda,0,1596171681.4938061
CF_Tcu_InhCda,0,1596171681.665304
CF_Tcu_InhCda,0,1596171681.673834
CF_Tcu_InhCda,0,1596171681.743511
CF_Tcu_InhCda,0,1596171681.7927492
CF_Tcu_InhCda,0,1596171681.8045928
CF_Tcu_InhCda,0,1596171681.8138251
CF_Tcu_InhCda,0,1596171681.825085
CF_Tcu_InhCda,0,1596171681.837323
CF_Tcu_InhCda,0,1596171681.8456874
CF_Tcu_InhCda,0,1596171681.9561126
CF_Tcu_InhCda,0,1596171681.976532
CF_Tcu_InhCda,0,1596171681.997389
CF_Tcu_InhCda,0,1596171682.0143461
CF_Tcu_InhCda,0,1596171682.215374
CF_Tcu_InhCda,0,1596171682.2756119
CF_Tcu_InhCda,0,1596171682.284468
CF_Tcu_InhCda,0,1596171682.296254
CF_Tcu_InhCda,0,1596171682.3082502
CF_Tcu_InhCda,0,1596171682.313515
CF_Tcu_InhCda,0,1596171682.3336642
CF_Tcu_InhCda,0,1596171682.3862288
CF_Tcu_InhCda,0,1596171682.427068
CF_Tcu_InhCda,0,1596171682.5541694
CF_Tcu_InhCda,0,1596171682.5746932
CF_Tcu_InhCda,0,1596171682.595566
CF_Tcu_InhCda,0,1596171682.6155221
CF_Tcu_InhCda,0,1596171682.6647284
CF_Tcu_InhCda,0,1596171682.673289
CF_Tcu_InhCda,0,1596171682.6852171
CF_Tcu_InhCda,0,1596171682.697937
CF_Tcu_InhCda,0,1596171682.717908
CF_Tcu_InhCda,0,1596171682.738359
CF_Tcu_InhCda,0,1596171682.816277
CF_Tcu_InhCda,0,1596171682.857196
CF_Tcu_InhCda,0,1596171682.87403
CF_Tcu_InhCda,0,1596171682.885922
CF_Tcu_InhCda,0,1596171682.894548
CF_Tcu_InhCda,0,1596171682.914622
CF_Tcu_InhCda,0,1596171682.996638
CF_Tcu_InhCda,0,1596171683.053835
CF_Tcu_InhCda,0,1596171683.115256
CF_Tcu_InhCda,0,1596171683.1562848
CF_Tcu_InhCda,0,1596171683.173173
CF_Tcu_InhCda,0,1596171683.1851811
CF_Tcu_InhCda,0,1596171683.214578
CF_Tcu_InhCda,0,1596171683.295371
CF_Tcu_InhCda,0,1596171683.303969
CF_Tcu_InhCda,0,1596171683.336562
CF_Tcu_InhCda,0,1596171683.3567472
CF_Tcu_InhCda,0,1596171683.406006
CF_Tcu_InhCda,0,1596171683.41451
CF_Tcu_InhCda,0,1596171683.426414
CF_Tcu_InhCda,0,1596171683.4757318
CF_Tcu_InhCda,0,1596171683.4964411
CF_Tcu_InhCda,0,1596171683.513601
CF_Tcu_InhCda,0,1596171683.537055
CF_Tcu_InhCda,0,1596171683.623484
CF_Tcu_InhCda,0,1596171683.7141774
CF_Tcu_InhCda,0,1596171683.7343569
CF_Tcu_InhCda,0,1596171683.7751641
CF_Tcu_InhCda,0,1596171683.795458
CF_Tcu_InhCda,0,1596171683.836053
CF_Tcu_InhCda,0,1596171683.8565388
CF_Tcu_InhCda,0,1596171683.9959269
CF_Tcu_InhCda,0,1596171684.044977
CF_Tcu_InhCda,0,1596171684.094541
CF_Tcu_InhCda,0,1596171684.135062
CF_Tcu_InhCda,0,1596171684.196744
CF_Tcu_InhCda,0,1596171684.217066
CF_Tcu_InhCda,0,1596171684.2457018
CF_Tcu_InhCda,0,1596171684.323841
CF_Tcu_InhCda,0,1596171684.335734
CF_Tcu_InhCda,0,1596171684.356257
CF_Tcu_InhCda,0,1596171684.376714
CF_Tcu_InhCda,0,1596171684.397635
CF_Tcu_InhCda,0,1596171684.414628
CF_Tcu_InhCda,0,1596171684.425858
CF_Tcu_InhCda,0,1596171684.544725
CF_Tcu_InhCda,0,1596171684.593859
CF_Tcu_InhCda,0,1596171684.6145332
CF_Tcu_InhCda,0,1596171684.6265721
CF_Tcu_InhCda,0,1596171684.634891
CF_Tcu_InhCda,0,1596171684.643615
CF_Tcu_InhCda,0,1596171684.667595
CF_Tcu_InhCda,0,1596171684.6756911
CF_Tcu_InhCda,0,1596171684.696482
CF_Tcu_InhCda,0,1596171684.794703
CF_Tcu_InhCda,0,1596171684.806758
CF_Tcu_InhCda,0,1596171684.835554
CF_Tcu_InhCda,0,1596171684.9665954
CF_Tcu_InhCda,0,1596171685.024271
CF_Tcu_InhCda,0,1596171685.064977
CF_Tcu_InhCda,0,1596171685.077109
CF_Tcu_InhCda,0,1596171685.21649
CF_Tcu_InhCda,0,1596171685.224659
CF_Tcu_InhCda,0,1596171685.233216
CF_Tcu_InhCda,0,1596171685.257336
CF_Tcu_InhCda,0,1596171685.266123
CF_Tcu_InhCda,0,1596171685.27778
CF_Tcu_InhCda,0,1596171685.29456
CF_Tcu_InhCda,0,1596171685.326962
CF_Tcu_InhCda,0,1596171685.515315
CF_Tcu_InhCda,0,1596171685.523932
CF_Tcu_InhCda,0,1596171685.535778
CF_Tcu_InhCda,0,1596171685.556288
CF_Tcu_InhCda,0,1596171685.565151
CF_Tcu_InhCda,0,1596171685.663906
CF_Tcu_InhCda,0,1596171685.675266
CF_Tcu_InhCda,0,1596171685.704187
CF_Tcu_InhCda,0,1596171685.724344
CF_Tcu_InhCda,0,1596171685.744724
CF_Tcu_InhCda,0,1596171685.753372
CF_Tcu_InhCda,0,1596171685.806242
CF_Tcu_InhCda,0,1596171685.8553886
CF_Tcu_InhCda,0,1596171685.8647082
CF_Tcu_InhCda,0,1596171685.8758662
CF_Tcu_InhCda,0,1596171685.8880382
CF_Tcu_InhCda,0,1596171685.892542
CF_Tcu_InhCda,0,1596171685.925071
CF_Tcu_InhCda,0,1596171685.95399
CF_Tcu_InhCda,0,1596171685.98646
CF_Tcu_InhCda,0,1596171685.9945939
CF_Tcu_InhCda,0,1596171686.006797
CF_Tcu_InhCda,0,1596171686.0437741
CF_Tcu_InhCda,0,1596171686.093195
CF_Tcu_InhCda,0,1596171686.1051798
CF_Tcu_InhCda,0,1596171686.114721
CF_Tcu_InhCda,0,1596171686.12573
CF_Tcu_InhCda,0,1596171686.13791
CF_Tcu_InhCda,0,1596171686.154319
CF_Tcu_InhCda,0,1596171686.1636102
CF_Tcu_InhCda,0,1596171686.1752179
CF_Tcu_InhCda,0,1596171686.183434
CF_Tcu_InhCda,0,1596171686.195368
CF_Tcu_InhCda,0,1596171686.305922
CF_Tcu_InhCda,0,1596171686.3550801
CF_Tcu_InhCda,0,1596171686.384358
CF_Tcu_InhCda,0,1596171686.4335349
CF_Tcu_InhCda,0,1596171686.565064
CF_Tcu_InhCda,0,1596171686.5761359
CF_Tcu_InhCda,0,1596171686.6052802
CF_Tcu_InhCda,0,1596171686.7036312
CF_Tcu_InhCda,0,1596171686.735841
CF_Tcu_InhCda,0,1596171686.756342
CF_Tcu_InhCda,0,1596171686.765204
CF_Tcu_InhCda,0,1596171686.7768118
CF_Tcu_InhCda,0,1596171686.785492
CF_Tcu_InhCda,0,1596171686.846633
CF_Tcu_InhCda,0,1596171686.8669689
CF_Tcu_InhCda,0,1596171686.875229
CF_Tcu_InhCda,0,1596171686.883934
CF_Tcu_InhCda,0,1596171686.895885
CF_Tcu_InhCda,0,1596171686.9248528
CF_Tcu_InhCda,0,1596171687.006216
CF_Tcu_InhCda,0,1596171687.015558
CF_Tcu_InhCda,0,1596171687.026706
CF_Tcu_InhCda,0,1596171687.0557172
CF_Tcu_InhCda,0,1596171687.067671
CF_Tcu_InhCda,0,1596171687.07585
CF_Tcu_InhCda,0,1596171687.174294
CF_Tcu_InhCda,0,1596171687.194962
CF_Tcu_InhCda,0,1596171687.2069788
CF_Tcu_InhCda,0,1596171687.2153194
CF_Tcu_InhCda,0,1596171687.2356238
CF_Tcu_InhCda,0,1596171687.3753831
CF_Tcu_InhCda,0,1596171687.415873
CF_Tcu_InhCda,0,1596171687.4566796
CF_Tcu_InhCda,0,1596171687.465081
CF_Tcu_InhCda,0,1596171687.497791
CF_Tcu_InhCda,0,1596171687.6047132
CF_Tcu_InhCda,0,1596171687.61663
CF_Tcu_InhCda,0,1596171687.6369214
CF_Tcu_InhCda,0,1596171687.65374
CF_Tcu_InhCda,0,1596171687.665629
CF_Tcu_InhCda,0,1596171687.674609
CF_Tcu_InhCda,0,1596171687.686168
CF_Tcu_InhCda,0,1596171687.694389
CF_Tcu_InhCda,0,1596171687.715262
CF_Tcu_InhCda,0,1596171687.755816
CF_Tcu_InhCda,0,1596171687.765099
CF_Tcu_InhCda,0,1596171687.797106
CF_Tcu_InhCda,0,1596171687.91557
CF_Tcu_InhCda,0,1596171687.93613
CF_Tcu_InhCda,0,1596171687.956392
CF_Tcu_InhCda,0,1596171688.075346
CF_Tcu_InhCda,0,1596171688.0959802
CF_Tcu_InhCda,0,1596171688.185824
CF_Tcu_InhCda,0,1596171688.255869
CF_Tcu_InhCda,0,1596171688.2647882
CF_Tcu_InhCda,0,1596171688.275939
CF_Tcu_InhCda,0,1596171688.284659
CF_Tcu_InhCda,0,1596171688.3170269
CF_Tcu_InhCda,0,1596171688.3661802
CF_Tcu_InhCda,0,1596171688.386518
CF_Tcu_InhCda,0,1596171688.394786
CF_Tcu_InhCda,0,1596171688.505336
CF_Tcu_InhCda,0,1596171688.5257258
CF_Tcu_InhCda,0,1596171688.5343502
CF_Tcu_InhCda,0,1596171688.554851
CF_Tcu_InhCda,0,1596171688.5667908
CF_Tcu_InhCda,0,1596171688.5754151
CF_Tcu_InhCda,0,1596171688.583735
CF_Tcu_InhCda,0,1596171688.615906
CF_Tcu_InhCda,0,1596171688.653194
CF_Tcu_InhCda,0,1596171688.6651099
CF_Tcu_InhCda,0,1596171688.693756
CF_Tcu_InhCda,0,1596171688.775806
CF_Tcu_InhCda,0,1596171688.824855
CF_Tcu_InhCda,0,1596171688.833301
CF_Tcu_InhCda,0,1596171688.9068038
CF_Tcu_InhCda,0,1596171688.955853
CF_Tcu_InhCda,0,1596171688.965049
CF_Tcu_InhCda,0,1596171688.976335
CF_Tcu_InhCda,0,1596171688.984875
CF_Tcu_InhCda,0,1596171689.1038811
CF_Tcu_InhCda,0,1596171689.1156714
CF_Tcu_InhCda,0,1596171689.124288
CF_Tcu_InhCda,0,1596171689.136144
CF_Tcu_InhCda,0,1596171689.152998
CF_Tcu_InhCda,0,1596171689.164724
CF_Tcu_InhCda,0,1596171689.173399
CF_Tcu_InhCda,0,1596171689.2429829
CF_Tcu_InhCda,0,1596171689.283915
CF_Tcu_InhCda,0,1596171689.296094
CF_Tcu_InhCda,0,1596171689.333065
CF_Tcu_InhCda,0,1596171689.406348
CF_Tcu_InhCda,0,1596171689.4148529
CF_Tcu_InhCda,0,1596171689.426808
CF_Tcu_InhCda,0,1596171689.435342
CF_Tcu_InhCda,0,1596171689.456059
CF_Tcu_InhCda,0,1596171689.464698
CF_Tcu_InhCda,0,1596171689.47598
CF_Tcu_InhCda,0,1596171689.545953
CF_Tcu_InhCda,0,1596171689.554259
CF_Tcu_InhCda,0,1596171689.566128
CF_Tcu_InhCda,0,1596171689.5747962
CF_Tcu_InhCda,0,1596171689.5866182
CF_Tcu_InhCda,0,1596171689.7146392
CF_Tcu_InhCda,0,1596171689.88623
CF_Tcu_InhCda,0,1596171689.8980188
CF_Tcu_InhCda,0,1596171689.9146922
CF_Tcu_InhCda,0,1596171690.013077
CF_Tcu_InhCda,0,1596171690.0249279
CF_Tcu_InhCda,0,1596171690.057726
CF_Tcu_InhCda,0,1596171690.0662909
CF_Tcu_InhCda,0,1596171690.1068249
CF_Tcu_InhCda,0,1596171690.185249
CF_Tcu_InhCda,0,1596171690.205033
CF_Tcu_InhCda,0,1596171690.286842
CF_Tcu_InhCda,0,1596171690.2952378
CF_Tcu_InhCda,0,1596171690.324165
CF_Tcu_InhCda,0,1596171690.3360019
CF_Tcu_InhCda,0,1596171690.356574
CF_Tcu_InhCda,0,1596171690.454931
CF_Tcu_InhCda,0,1596171690.47568
CF_Tcu_InhCda,0,1596171690.496017
CF_Tcu_InhCda,0,1596171690.545098
CF_Tcu_InhCda,0,1596171690.553691
CF_Tcu_InhCda,0,1596171690.594207
CF_Tcu_InhCda,0,1596171690.6556098
CF_Tcu_InhCda,0,1596171690.664717
CF_Tcu_InhCda,0,1596171690.7663062
CF_Tcu_InhCda,0,1596171690.786686
CF_Tcu_InhCda,0,1596171690.803518
CF_Tcu_InhCda,0,1596171690.8359208
CF_Tcu_InhCda,0,1596171690.9055269
CF_Tcu_InhCda,0,1596171690.925992
CF_Tcu_InhCda,0,1596171690.963892
CF_Tcu_InhCda,0,1596171691.053498
CF_Tcu_InhCda,0,1596171691.143405
CF_Tcu_InhCda,0,1596171691.205045
CF_Tcu_InhCda,0,1596171691.2249112
CF_Tcu_InhCda,0,1596171691.3561332
CF_Tcu_InhCda,0,1596171691.425584
CF_Tcu_InhCda,0,1596171691.524338
CF_Tcu_InhCda,0,1596171691.6643472
CF_Tcu_InhCda,0,1596171691.704208
CF_Tcu_InhCda,0,1596171691.806459
CF_Tcu_InhCda,0,1596171691.827014
CF_Tcu_InhCda,0,1596171691.864922
CF_Tcu_InhCda,0,1596171691.9665642
CF_Tcu_InhCda,0,1596171692.085126
CF_Tcu_InhCda,0,1596171692.314592
CF_Tcu_InhCda,0,1596171692.3348954
CF_Tcu_InhCda,0,1596171692.4045608
CF_Tcu_InhCda,0,1596171692.42538
CF_Tcu_InhCda,0,1596171692.4661438
CF_Tcu_InhCda,0,1596171692.523694
CF_Tcu_InhCda,0,1596171692.7164302
CF_Tcu_InhCda,0,1596171692.724181
CF_Tcu_InhCda,0,1596171692.736331
CF_Tcu_InhCda,0,1596171692.797792
CF_Tcu_InhCda,0,1596171692.8550189
CF_Tcu_InhCda,0,1596171692.864213
CF_Tcu_InhCda,0,1596171692.908365
CF_Tcu_InhCda,0,1596171692.965628
CF_Tcu_InhCda,0,1596171693.035594
CF_Tcu_InhCda,0,1596171693.043843
CF_Tcu_InhCda,0,1596171693.07611
CF_Tcu_InhCda,0,1596171693.0848
CF_Tcu_InhCda,0,1596171693.0970306
CF_Tcu_InhCda,0,1596171693.114191
CF_Tcu_InhCda,0,1596171693.1253312
CF_Tcu_InhCda,0,1596171693.13404
CF_Tcu_InhCda,0,1596171693.154509
CF_Tcu_InhCda,0,1596171693.16644
CF_Tcu_InhCda,0,1596171693.293758
CF_Tcu_InhCda,0,1596171693.3056068
CF_Tcu_InhCda,0,1596171693.317801
CF_Tcu_InhCda,0,1596171693.3260949
CF_Tcu_InhCda,0,1596171693.334362
CF_Tcu_InhCda,0,1596171693.354769
CF_Tcu_InhCda,0,1596171693.387467
CF_Tcu_InhCda,0,1596171693.4245608
CF_Tcu_InhCda,0,1596171693.506312
CF_Tcu_InhCda,0,1596171693.5145679
CF_Tcu_InhCda,0,1596171693.596739
CF_Tcu_InhCda,0,1596171693.613812
CF_Tcu_InhCda,0,1596171693.625132
CF_Tcu_InhCda,0,1596171693.686511
CF_Tcu_InhCda,0,1596171693.7236788
CF_Tcu_InhCda,0,1596171693.735582
CF_Tcu_InhCda,0,1596171693.75625
CF_Tcu_InhCda,0,1596171693.768388
CF_Tcu_InhCda,0,1596171693.773015
CF_Tcu_InhCda,0,1596171693.7847328
CF_Tcu_InhCda,0,1596171693.7971961
CF_Tcu_InhCda,0,1596171693.8544538
CF_Tcu_InhCda,0,1596171693.9158242
CF_Tcu_InhCda,0,1596171693.936309
CF_Tcu_InhCda,0,1596171693.9567714
CF_Tcu_InhCda,0,1596171694.022909
CF_Tcu_InhCda,0,1596171694.034642
CF_Tcu_InhCda,0,1596171694.055157
CF_Tcu_InhCda,0,1596171694.1861
CF_Tcu_InhCda,0,1596171694.195173
CF_Tcu_InhCda,0,1596171694.2066636
CF_Tcu_InhCda,0,1596171694.2152538
CF_Tcu_InhCda,0,1596171694.2272134
CF_Tcu_InhCda,0,1596171694.363133
CF_Tcu_InhCda,0,1596171694.493814
CF_Tcu_InhCda,0,1596171694.554802
CF_Tcu_InhCda,0,1596171694.604346
CF_Tcu_InhCda,0,1596171694.657127
CF_Tcu_InhCda,0,1596171694.665539
CF_Tcu_InhCda,0,1596171694.755507
CF_Tcu_InhCda,0,1596171694.796728
CF_Tcu_InhCda,0,1596171694.814216
CF_Tcu_InhCda,0,1596171694.8252099
CF_Tcu_InhCda,0,1596171694.837384
CF_Tcu_InhCda,0,1596171694.915301
CF_Tcu_InhCda,0,1596171694.923811
CF_Tcu_InhCda,0,1596171694.9357386
CF_Tcu_InhCda,0,1596171694.964691
CF_Tcu_InhCda,0,1596171695.074989
CF_Tcu_InhCda,0,1596171695.0837939
CF_Tcu_InhCda,0,1596171695.095614
CF_Tcu_InhCda,0,1596171695.115947
CF_Tcu_InhCda,0,1596171695.124575
CF_Tcu_InhCda,0,1596171695.1773398
CF_Tcu_InhCda,0,1596171695.1859221
CF_Tcu_InhCda,0,1596171695.255179
CF_Tcu_InhCda,0,1596171695.284008
CF_Tcu_InhCda,0,1596171695.31356
CF_Tcu_InhCda,0,1596171695.386225
CF_Tcu_InhCda,0,1596171695.4271832
CF_Tcu_InhCda,0,1596171695.435466
CF_Tcu_InhCda,0,1596171695.476372
CF_Tcu_InhCda,0,1596171695.4932132
CF_Tcu_InhCda,0,1596171695.5050502
CF_Tcu_InhCda,0,1596171695.554661
CF_Tcu_InhCda,0,1596171695.624208
CF_Tcu_InhCda,0,1596171695.677016
CF_Tcu_InhCda,0,1596171695.6857226
CF_Tcu_InhCda,0,1596171695.705722
CF_Tcu_InhCda,0,1596171695.7147071
CF_Tcu_InhCda,0,1596171695.7262444
CF_Tcu_InhCda,0,1596171695.734756
CF_Tcu_InhCda,0,1596171695.74299
CF_Tcu_InhCda,0,1596171695.775837
CF_Tcu_InhCda,0,1596171695.796093
CF_Tcu_InhCda,0,1596171695.8040774
CF_Tcu_InhCda,0,1596171695.8131518
CF_Tcu_InhCda,0,1596171695.845057
CF_Tcu_InhCda,0,1596171695.923222
CF_Tcu_InhCda,0,1596171695.9849901
CF_Tcu_InhCda,0,1596171696.00475
CF_Tcu_InhCda,0,1596171696.0172212
CF_Tcu_InhCda,0,1596171696.0830214
CF_Tcu_InhCda,0,1596171696.156189
CF_Tcu_InhCda,0,1596171696.164744
CF_Tcu_InhCda,0,1596171696.295701
CF_Tcu_InhCda,0,1596171696.304142
CF_Tcu_InhCda,0,1596171696.3160741
CF_Tcu_InhCda,0,1596171696.324723
CF_Tcu_InhCda,0,1596171696.336556
CF_Tcu_InhCda,0,1596171696.344789
CF_Tcu_InhCda,0,1596171696.377402
CF_Tcu_InhCda,0,1596171696.394193
CF_Tcu_InhCda,0,1596171696.414763
CF_Tcu_InhCda,0,1596171696.43494
CF_Tcu_InhCda,0,1596171696.4553046
CF_Tcu_InhCda,0,1596171696.554086
CF_Tcu_InhCda,0,1596171696.5826392
CF_Tcu_InhCda,0,1596171696.594665
CF_Tcu_InhCda,0,1596171696.606751
CF_Tcu_InhCda,0,1596171696.6156359
CF_Tcu_InhCda,0,1596171696.6272411
CF_Tcu_InhCda,0,1596171696.635551
CF_Tcu_InhCda,0,1596171696.6763554
CF_Tcu_InhCda,0,1596171696.7256439
CF_Tcu_InhCda,0,1596171696.7582982
CF_Tcu_InhCda,0,1596171696.7665231
CF_Tcu_InhCda,0,1596171696.795275
CF_Tcu_InhCda,0,1596171696.8649046
CF_Tcu_InhCda,0,1596171696.9057279
CF_Tcu_InhCda,0,1596171696.92625
CF_Tcu_InhCda,0,1596171696.9549296
CF_Tcu_InhCda,0,1596171696.96432
CF_Tcu_InhCda,0,1596171696.9755359
CF_Tcu_InhCda,0,1596171697.02502
CF_Tcu_InhCda,0,1596171697.057375
CF_Tcu_InhCda,0,1596171697.102988
CF_Tcu_InhCda,0,1596171697.1233401
CF_Tcu_InhCda,0,1596171697.184551
CF_Tcu_InhCda,0,1596171697.196924
CF_Tcu_InhCda,0,1596171697.2052412
CF_Tcu_InhCda,0,1596171697.2173278
CF_Tcu_InhCda,0,1596171697.2253606
CF_Tcu_InhCda,0,1596171697.275052
CF_Tcu_InhCda,0,1596171697.315458
CF_Tcu_InhCda,0,1596171697.3240802
CF_Tcu_InhCda,0,1596171697.335946
CF_Tcu_InhCda,0,1596171697.4638472
CF_Tcu_InhCda,0,1596171697.4958026
CF_Tcu_InhCda,0,1596171697.5042946
CF_Tcu_InhCda,0,1596171697.516145
CF_Tcu_InhCda,0,1596171697.5775418
CF_Tcu_InhCda,0,1596171697.6061351
CF_Tcu_InhCda,0,1596171697.6266394
CF_Tcu_InhCda,0,1596171697.655381
CF_Tcu_InhCda,0,1596171697.684152
CF_Tcu_InhCda,0,1596171697.704422
CF_Tcu_InhCda,0,1596171697.7661
CF_Tcu_InhCda,0,1596171697.815547
CF_Tcu_InhCda,0,1596171697.823683
CF_Tcu_InhCda,0,1596171697.835595
CF_Tcu_InhCda,0,1596171697.876564
CF_Tcu_InhCda,0,1596171697.8847182
CF_Tcu_InhCda,0,1596171697.893311
CF_Tcu_InhCda,0,1596171697.905104
CF_Tcu_InhCda,0,1596171697.925607
CF_Tcu_InhCda,0,1596171697.9339762
CF_Tcu_InhCda,0,1596171697.954877
CF_Tcu_InhCda,0,1596171698.053053
CF_Tcu_InhCda,0,1596171698.0650349
CF_Tcu_InhCda,0,1596171698.077182
CF_Tcu_InhCda,0,1596171698.085425
CF_Tcu_InhCda,0,1596171698.097874
CF_Tcu_InhCda,0,1596171698.10586
CF_Tcu_InhCda,0,1596171698.1182349
CF_Tcu_InhCda,0,1596171698.1345232
CF_Tcu_InhCda,0,1596171698.2247412
CF_Tcu_InhCda,0,1596171698.2574248
CF_Tcu_InhCda,0,1596171698.3844538
CF_Tcu_InhCda,0,1596171698.393033
CF_Tcu_InhCda,0,1596171698.404864
CF_Tcu_InhCda,0,1596171698.5155149
CF_Tcu_InhCda,0,1596171698.5240312
CF_Tcu_InhCda,0,1596171698.5358431
CF_Tcu_InhCda,0,1596171698.564725
CF_Tcu_InhCda,0,1596171698.6639922
CF_Tcu_InhCda,0,1596171698.696157
CF_Tcu_InhCda,0,1596171698.704243
CF_Tcu_InhCda,0,1596171698.716178
CF_Tcu_InhCda,0,1596171698.7330348
CF_Tcu_InhCda,0,1596171698.8150232
CF_Tcu_InhCda,0,1596171698.8266351
CF_Tcu_InhCda,0,1596171698.834976
CF_Tcu_InhCda,0,1596171698.8553698
CF_Tcu_InhCda,0,1596171699.0153382
CF_Tcu_InhCda,0,1596171699.0356698
CF_Tcu_InhCda,0,1596171699.0560598
CF_Tcu_InhCda,0,1596171699.113819
CF_Tcu_InhCda,0,1596171699.1257422
CF_Tcu_InhCda,0,1596171699.134419
CF_Tcu_InhCda,0,1596171699.2531981
CF_Tcu_InhCda,0,1596171699.27356
CF_Tcu_InhCda,0,1596171699.3182046
CF_Tcu_InhCda,0,1596171699.474064
CF_Tcu_InhCda,0,1596171699.5029461
CF_Tcu_InhCda,0,1596171699.5559418
CF_Tcu_InhCda,0,1596171699.576211
CF_Tcu_InhCda,0,1596171699.596946
CF_Tcu_InhCda,0,1596171699.617238
CF_Tcu_InhCda,0,1596171699.6252954
CF_Tcu_InhCda,0,1596171699.634084
CF_Tcu_InhCda,0,1596171699.695101
CF_Tcu_InhCda,0,1596171699.703855
CF_Tcu_InhCda,0,1596171699.7733078
CF_Tcu_InhCda,0,1596171699.8056269
CF_Tcu_InhCda,0,1596171699.896051
CF_Tcu_InhCda,0,1596171699.9039922
CF_Tcu_InhCda,0,1596171699.916438
CF_Tcu_InhCda,0,1596171699.924501
CF_Tcu_InhCda,0,1596171699.936599
CF_Tcu_InhCda,0,1596171700.0555382
CF_Tcu_InhCda,0,1596171700.075896
CF_Tcu_InhCda,0,1596171700.0842462
CF_Tcu_InhCda,0,1596171700.0927749
CF_Tcu_InhCda,0,1596171700.174279
CF_Tcu_InhCda,0,1596171700.186442
CF_Tcu_InhCda,0,1596171700.215637
CF_Tcu_InhCda,0,1596171700.2729359
CF_Tcu_InhCda,0,1596171700.363807
CF_Tcu_InhCda,0,1596171700.4772642
CF_Tcu_InhCda,0,1596171700.514637
CF_Tcu_InhCda,0,1596171700.604276
CF_Tcu_InhCda,0,1596171700.7231538
CF_Tcu_InhCda,0,1596171700.735394
CF_Tcu_InhCda,0,1596171700.755831
CF_Tcu_InhCda,0,1596171700.7763
CF_Tcu_InhCda,0,1596171700.7848792
CF_Tcu_InhCda,0,1596171700.903719
CF_Tcu_InhCda,0,1596171701.07532
CF_Tcu_InhCda,0,1596171701.084034
CF_Tcu_InhCda,0,1596171701.096041
CF_Tcu_InhCda,0,1596171701.104331
CF_Tcu_InhCda,0,1596171701.1163466
CF_Tcu_InhCda,0,1596171701.165469
CF_Tcu_InhCda,0,1596171701.2268548
CF_Tcu_InhCda,0,1596171701.3340402
CF_Tcu_InhCda,0,1596171701.374482
CF_Tcu_InhCda,0,1596171701.4071748
CF_Tcu_InhCda,0,1596171701.4153
CF_Tcu_InhCda,0,1596171701.4239
CF_Tcu_InhCda,0,1596171701.513934
CF_Tcu_InhCda,0,1596171701.5955632
CF_Tcu_InhCda,0,1596171701.665159
CF_Tcu_InhCda,0,1596171701.706083
CF_Tcu_InhCda,0,1596171701.726629
CF_Tcu_InhCda,0,1596171701.792383
CF_Tcu_InhCda,0,1596171701.8454652
CF_Tcu_InhCda,0,1596171701.857693
CF_Tcu_InhCda,0,1596171701.894578
CF_Tcu_InhCda,0,1596171701.964235
CF_Tcu_InhCda,0,1596171701.9847198
CF_Tcu_InhCda,0,1596171702.0053902
CF_Tcu_InhCda,0,1596171702.0134661
CF_Tcu_InhCda,0,1596171702.0255802
CF_Tcu_InhCda,0,1596171702.034258
CF_Tcu_InhCda,0,1596171702.222657
CF_Tcu_InhCda,0,1596171702.275483
CF_Tcu_InhCda,0,1596171702.2837374
CF_Tcu_InhCda,0,1596171702.296054
CF_Tcu_InhCda,0,1596171702.304055
CF_Tcu_InhCda,0,1596171702.4028301
CF_Tcu_InhCda,0,1596171702.42327
CF_Tcu_InhCda,0,1596171702.504755
CF_Tcu_InhCda,0,1596171702.5635042
CF_Tcu_InhCda,0,1596171702.594904
CF_Tcu_InhCda,0,1596171702.603519
CF_Tcu_InhCda,0,1596171702.627605
CF_Tcu_InhCda,0,1596171702.664626
CF_Tcu_InhCda,0,1596171702.725976
CF_Tcu_InhCda,0,1596171702.7344189
CF_Tcu_InhCda,0,1596171702.7634199
CF_Tcu_InhCda,0,1596171702.885556
CF_Tcu_InhCda,0,1596171702.8943288
CF_Tcu_InhCda,0,1596171702.9061482
CF_Tcu_InhCda,0,1596171702.926601
CF_Tcu_InhCda,0,1596171702.9675589
CF_Tcu_InhCda,0,1596171703.037122
CF_Tcu_InhCda,0,1596171703.057751
CF_Tcu_InhCda,0,1596171703.1032462
CF_Tcu_InhCda,0,1596171703.184736
CF_Tcu_InhCda,0,1596171703.197313
CF_Tcu_InhCda,0,1596171703.264096
CF_Tcu_InhCda,0,1596171703.2750769
CF_Tcu_InhCda,0,1596171703.3037162
CF_Tcu_InhCda,0,1596171703.324407
CF_Tcu_InhCda,0,1596171703.336234
CF_Tcu_InhCda,0,1596171703.344471
CF_Tcu_InhCda,0,1596171703.356725
CF_Tcu_InhCda,0,1596171703.3936741
CF_Tcu_InhCda,0,1596171703.4672372
CF_Tcu_InhCda,0,1596171703.484011
CF_Tcu_InhCda,0,1596171703.4963028
CF_Tcu_InhCda,0,1596171703.50817
CF_Tcu_InhCda,0,1596171703.5133882
CF_Tcu_InhCda,0,1596171703.524719
CF_Tcu_InhCda,0,1596171703.53685
CF_Tcu_InhCda,0,1596171703.574381
CF_Tcu_InhCda,0,1596171703.626931
CF_Tcu_InhCda,0,1596171703.635226
CF_Tcu_InhCda,0,1596171703.684394
CF_Tcu_InhCda,0,1596171703.7745962
CF_Tcu_InhCda,0,1596171703.803892
CF_Tcu_InhCda,0,1596171703.815465
CF_Tcu_InhCda,0,1596171703.8241642
CF_Tcu_InhCda,0,1596171703.876822
CF_Tcu_InhCda,0,1596171703.9055822
CF_Tcu_InhCda,0,1596171703.9546971
CF_Tcu_InhCda,0,1596171703.9957461
CF_Tcu_InhCda,0,1596171704.1145852
CF_Tcu_InhCda,0,1596171704.135369
CF_Tcu_InhCda,0,1596171704.164814
CF_Tcu_InhCda,0,1596171704.175852
CF_Tcu_InhCda,0,1596171704.204624
CF_Tcu_InhCda,0,1596171704.2168386
CF_Tcu_InhCda,0,1596171704.254112
CF_Tcu_InhCda,0,1596171704.364432
CF_Tcu_InhCda,0,1596171704.3765528
CF_Tcu_InhCda,0,1596171704.385326
CF_Tcu_InhCda,0,1596171704.397244
CF_Tcu_InhCda,0,1596171704.4056
CF_Tcu_InhCda,0,1596171704.41771
CF_Tcu_InhCda,0,1596171704.426036
CF_Tcu_InhCda,0,1596171704.4342608
CF_Tcu_InhCda,0,1596171704.475033
CF_Tcu_InhCda,0,1596171704.5038972
CF_Tcu_InhCda,0,1596171704.5157492
CF_Tcu_InhCda,0,1596171704.536185
CF_Tcu_InhCda,0,1596171704.6142461
CF_Tcu_InhCda,0,1596171704.684227
CF_Tcu_InhCda,0,1596171704.696299
CF_Tcu_InhCda,0,1596171704.7537339
CF_Tcu_InhCda,0,1596171704.774405
CF_Tcu_InhCda,0,1596171704.8234491
CF_Tcu_InhCda,0,1596171704.835291
CF_Tcu_InhCda,0,1596171704.9253669
CF_Tcu_InhCda,0,1596171704.995124
CF_Tcu_InhCda,0,1596171705.003512
CF_Tcu_InhCda,0,1596171705.015574
CF_Tcu_InhCda,0,1596171705.0362306
CF_Tcu_InhCda,0,1596171705.0768874
CF_Tcu_InhCda,0,1596171705.105571
CF_Tcu_InhCda,0,1596171705.114481
CF_Tcu_InhCda,0,1596171705.12605
CF_Tcu_InhCda,0,1596171705.134351
CF_Tcu_InhCda,0,1596171705.1428428
CF_Tcu_InhCda,0,1596171705.1548061
CF_Tcu_InhCda,0,1596171705.253537
CF_Tcu_InhCda,0,1596171705.273937
CF_Tcu_InhCda,0,1596171705.285884
CF_Tcu_InhCda,0,1596171705.294024
CF_Tcu_InhCda,0,1596171705.306314
CF_Tcu_InhCda,0,1596171705.3149722
CF_Tcu_InhCda,0,1596171705.323092
CF_Tcu_InhCda,0,1596171705.3351312
CF_Tcu_InhCda,0,1596171705.4251056
CF_Tcu_InhCda,0,1596171705.515249
CF_Tcu_InhCda,0,1596171705.5848262
CF_Tcu_InhCda,0,1596171705.5933802
CF_Tcu_InhCda,0,1596171705.614132
CF_Tcu_InhCda,0,1596171705.637984
CF_Tcu_InhCda,0,1596171705.683518
CF_Tcu_InhCda,0,1596171705.724161
CF_Tcu_InhCda,0,1596171705.756858
CF_Tcu_InhCda,0,1596171705.765114
CF_Tcu_InhCda,0,1596171705.814388
CF_Tcu_InhCda,0,1596171705.8646278
CF_Tcu_InhCda,0,1596171705.8756108
CF_Tcu_InhCda,0,1596171705.884213
CF_Tcu_InhCda,0,1596171705.8962636
CF_Tcu_InhCda,0,1596171705.9047098
CF_Tcu_InhCda,0,1596171705.916727
CF_Tcu_InhCda,0,1596171705.924785
CF_Tcu_InhCda,0,1596171705.9369678
CF_Tcu_InhCda,0,1596171706.035466
CF_Tcu_InhCda,0,1596171706.05585
CF_Tcu_InhCda,0,1596171706.1050591
CF_Tcu_InhCda,0,1596171706.15416
CF_Tcu_InhCda,0,1596171706.162957
CF_Tcu_InhCda,0,1596171706.1833081
CF_Tcu_InhCda,0,1596171706.2037454
CF_Tcu_InhCda,0,1596171706.334303
CF_Tcu_InhCda,0,1596171706.354893
CF_Tcu_InhCda,0,1596171706.367109
CF_Tcu_InhCda,0,1596171706.416244
CF_Tcu_InhCda,0,1596171706.465406
CF_Tcu_InhCda,0,1596171706.514741
CF_Tcu_InhCda,0,1596171706.526803
CF_Tcu_InhCda,0,1596171706.5352302
CF_Tcu_InhCda,0,1596171706.5846698
CF_Tcu_InhCda,0,1596171706.637355
CF_Tcu_InhCda,0,1596171706.6541882
CF_Tcu_InhCda,0,1596171706.79346
CF_Tcu_InhCda,0,1596171706.805404
CF_Tcu_InhCda,0,1596171706.8147259
CF_Tcu_InhCda,0,1596171706.825852
CF_Tcu_InhCda,0,1596171706.904145
CF_Tcu_InhCda,0,1596171706.9653
CF_Tcu_InhCda,0,1596171707.083891
CF_Tcu_InhCda,0,1596171707.104384
CF_Tcu_InhCda,0,1596171707.174164
CF_Tcu_InhCda,0,1596171707.186132
CF_Tcu_InhCda,0,1596171707.2355034
CF_Tcu_InhCda,0,1596171707.268196
CF_Tcu_InhCda,0,1596171707.403883
CF_Tcu_InhCda,0,1596171707.6858866
CF_Tcu_InhCda,0,1596171707.694134
CF_Tcu_InhCda,0,1596171707.706531
CF_Tcu_InhCda,0,1596171707.7147448
CF_Tcu_InhCda,0,1596171707.723211
CF_Tcu_InhCda,0,1596171707.755531
CF_Tcu_InhCda,0,1596171707.886543
CF_Tcu_InhCda,0,1596171707.99354
CF_Tcu_InhCda,0,1596171708.025873
CF_Tcu_InhCda,0,1596171708.095867
CF_Tcu_InhCda,0,1596171708.1042402
CF_Tcu_InhCda,0,1596171708.165246
CF_Tcu_InhCda,0,1596171708.1938028
CF_Tcu_InhCda,0,1596171708.222806
CF_Tcu_InhCda,0,1596171708.2845302
CF_Tcu_InhCda,0,1596171708.304451
CF_Tcu_InhCda,0,1596171708.525658
CF_Tcu_InhCda,0,1596171708.563673
CF_Tcu_InhCda,0,1596171708.6034508
CF_Tcu_InhCda,0,1596171708.624675
CF_Tcu_InhCda,0,1596171708.743021
CF_Tcu_InhCda,0,1596171708.764065
CF_Tcu_InhCda,0,1596171708.813478
CF_Tcu_InhCda,0,1596171708.8942668
CF_Tcu_InhCda,0,1596171708.926899
CF_Tcu_InhCda,0,1596171708.935168
CF_Tcu_InhCda,0,1596171708.984725
CF_Tcu_InhCda,0,1596171709.033443
CF_Tcu_InhCda,0,1596171709.053956
CF_Tcu_InhCda,0,1596171709.2054381
CF_Tcu_InhCda,0,1596171709.242653
CF_Tcu_InhCda,0,1596171709.275072
CF_Tcu_InhCda,0,1596171709.484012
CF_Tcu_InhCda,0,1596171709.504467
CF_Tcu_InhCda,0,1596171709.514216
CF_Tcu_InhCda,0,1596171709.574206
CF_Tcu_InhCda,0,1596171709.623748
CF_Tcu_InhCda,0,1596171709.6521964
CF_Tcu_InhCda,0,1596171709.6643221
CF_Tcu_InhCda,0,1596171709.713772
CF_Tcu_InhCda,0,1596171709.824399
CF_Tcu_InhCda,0,1596171709.836234
CF_Tcu_InhCda,0,1596171709.852788
CF_Tcu_InhCda,0,1596171709.865008
CF_Tcu_InhCda,0,1596171709.9058838
CF_Tcu_InhCda,0,1596171709.934569
CF_Tcu_InhCda,0,1596171710.126948
CF_Tcu_InhCda,0,1596171710.155751
CF_Tcu_InhCda,0,1596171710.266467
CF_Tcu_InhCda,0,1596171710.3322306
CF_Tcu_InhCda,0,1596171710.463845
CF_Tcu_InhCda,0,1596171710.50789
CF_Tcu_InhCda,0,1596171710.574007
CF_Tcu_InhCda,0,1596171710.585792
CF_Tcu_InhCda,0,1596171710.593965
CF_Tcu_InhCda,0,1596171710.60268
CF_Tcu_InhCda,0,1596171710.704549
CF_Tcu_InhCda,0,1596171710.762571
CF_Tcu_InhCda,0,1596171710.774339
CF_Tcu_InhCda,0,1596171710.786357
CF_Tcu_InhCda,0,1596171710.7947874
CF_Tcu_InhCda,0,1596171710.884935
CF_Tcu_InhCda,0,1596171710.9424741
CF_Tcu_InhCda,0,1596171711.032845
CF_Tcu_InhCda,0,1596171711.065235
CF_Tcu_InhCda,0,1596171711.0854099
CF_Tcu_InhCda,0,1596171711.093806
CF_Tcu_InhCda,0,1596171711.1059349
CF_Tcu_InhCda,0,1596171711.122648
CF_Tcu_InhCda,0,1596171711.155187
CF_Tcu_InhCda,0,1596171711.175552
CF_Tcu_InhCda,0,1596171711.1838028
CF_Tcu_InhCda,0,1596171711.2248
CF_Tcu_InhCda,0,1596171711.3030019
CF_Tcu_InhCda,0,1596171711.3643382
CF_Tcu_InhCda,0,1596171711.384674
CF_Tcu_InhCda,0,1596171711.405013
CF_Tcu_InhCda,0,1596171711.417162
CF_Tcu_InhCda,0,1596171711.425549
CF_Tcu_InhCda,0,1596171711.4339454
CF_Tcu_InhCda,0,1596171711.4952369
CF_Tcu_InhCda,0,1596171711.503645
CF_Tcu_InhCda,0,1596171711.544252
CF_Tcu_InhCda,0,1596171711.5851252
CF_Tcu_InhCda,0,1596171711.654716
CF_Tcu_InhCda,0,1596171711.765331
CF_Tcu_InhCda,0,1596171711.7736099
CF_Tcu_InhCda,0,1596171711.785928
CF_Tcu_InhCda,0,1596171711.823055
CF_Tcu_InhCda,0,1596171711.8520372
CF_Tcu_InhCda,0,1596171711.9250822
CF_Tcu_InhCda,0,1596171711.9831982
CF_Tcu_InhCda,0,1596171712.023612
CF_Tcu_InhCda,0,1596171712.052701
CF_Tcu_InhCda,0,1596171712.064397
CF_Tcu_InhCda,0,1596171712.1833954
CF_Tcu_InhCda,0,1596171712.224139
CF_Tcu_InhCda,0,1596171712.264999
CF_Tcu_InhCda,0,1596171712.302424
CF_Tcu_InhCda,0,1596171712.31426
CF_Tcu_InhCda,0,1596171712.3265634
CF_Tcu_InhCda,0,1596171712.4043462
CF_Tcu_InhCda,0,1596171712.416824
CF_Tcu_InhCda,0,1596171712.433463
CF_Tcu_InhCda,0,1596171712.4826374
CF_Tcu_InhCda,0,1596171712.4944642
CF_Tcu_InhCda,0,1596171712.5521786
CF_Tcu_InhCda,0,1596171712.6664732
CF_Tcu_InhCda,0,1596171712.703375
CF_Tcu_InhCda,0,1596171712.7851992
CF_Tcu_InhCda,0,1596171712.805723
CF_Tcu_InhCda,0,1596171712.875257
CF_Tcu_InhCda,0,1596171712.913266
CF_Tcu_InhCda,0,1596171712.9333038
CF_Tcu_InhCda,0,1596171712.945118
CF_Tcu_InhCda,0,1596171712.953583
CF_Tcu_InhCda,0,1596171712.9654381
CF_Tcu_InhCda,0,1596171713.064105
CF_Tcu_InhCda,0,1596171713.072452
CF_Tcu_InhCda,0,1596171713.104768
CF_Tcu_InhCda,0,1596171713.125123
CF_Tcu_InhCda,0,1596171713.166147
CF_Tcu_InhCda,0,1596171713.2730298
CF_Tcu_InhCda,0,1596171713.2849126
CF_Tcu_InhCda,0,1596171713.293524
CF_Tcu_InhCda,0,1596171713.305417
CF_Tcu_InhCda,0,1596171713.317614
CF_Tcu_InhCda,0,1596171713.39584
CF_Tcu_InhCda,0,1596171713.564296
CF_Tcu_InhCda,0,1596171713.58426
CF_Tcu_InhCda,0,1596171713.592691
CF_Tcu_InhCda,0,1596171713.6044278
CF_Tcu_InhCda,0,1596171713.6137109
CF_Tcu_InhCda,0,1596171713.674416
CF_Tcu_InhCda,0,1596171713.723228
CF_Tcu_InhCda,0,1596171713.7931368
CF_Tcu_InhCda,0,1596171713.903358
CF_Tcu_InhCda,0,1596171713.9157162
CF_Tcu_InhCda,0,1596171713.9852886
CF_Tcu_InhCda,0,1596171714.034539
CF_Tcu_InhCda,0,1596171714.054844
CF_Tcu_InhCda,0,1596171714.104079
CF_Tcu_InhCda,0,1596171714.1942039
CF_Tcu_InhCda,0,1596171714.2031226
CF_Tcu_InhCda,0,1596171714.214761
CF_Tcu_InhCda,0,1596171714.235102
CF_Tcu_InhCda,0,1596171714.2556758
CF_Tcu_InhCda,0,1596171714.272483
CF_Tcu_InhCda,0,1596171714.2928488
CF_Tcu_InhCda,0,1596171714.36317
CF_Tcu_InhCda,0,1596171714.484994
CF_Tcu_InhCda,0,1596171714.514008
CF_Tcu_InhCda,0,1596171714.575434
CF_Tcu_InhCda,0,1596171714.6042614
CF_Tcu_InhCda,0,1596171714.612861
CF_Tcu_InhCda,0,1596171714.632899
CF_Tcu_InhCda,0,1596171714.665287
CF_Tcu_InhCda,0,1596171714.682049
CF_Tcu_InhCda,0,1596171714.6939142
CF_Tcu_InhCda,0,1596171714.8044288
CF_Tcu_InhCda,0,1596171714.8137548
CF_Tcu_InhCda,0,1596171714.8336134
CF_Tcu_InhCda,0,1596171714.854076
CF_Tcu_InhCda,0,1596171714.886343
CF_Tcu_InhCda,0,1596171714.915015
CF_Tcu_InhCda,0,1596171714.992942
CF_Tcu_InhCda,0,1596171715.144475
CF_Tcu_InhCda,0,1596171715.153131
CF_Tcu_InhCda,0,1596171715.194113
CF_Tcu_InhCda,0,1596171715.2345679
CF_Tcu_InhCda,0,1596171715.2549498
CF_Tcu_InhCda,0,1596171715.435255
CF_Tcu_InhCda,0,1596171715.4557538
CF_Tcu_InhCda,0,1596171715.472617
CF_Tcu_InhCda,0,1596171715.484469
CF_Tcu_InhCda,0,1596171715.4968884
CF_Tcu_InhCda,0,1596171715.583241
CF_Tcu_InhCda,0,1596171715.6034062
CF_Tcu_InhCda,0,1596171715.644223
CF_Tcu_InhCda,0,1596171715.6728508
CF_Tcu_InhCda,0,1596171715.7632554
CF_Tcu_InhCda,0,1596171715.783447
CF_Tcu_InhCda,0,1596171715.833
CF_Tcu_InhCda,0,1596171715.934914
CF_Tcu_InhCda,0,1596171715.963894
CF_Tcu_InhCda,0,1596171716.135544
CF_Tcu_InhCda,0,1596171716.233897
CF_Tcu_InhCda,0,1596171716.242551
CF_Tcu_InhCda,0,1596171716.254387
CF_Tcu_InhCda,0,1596171716.295477
CF_Tcu_InhCda,0,1596171716.373599
CF_Tcu_InhCda,0,1596171716.3937619
CF_Tcu_InhCda,0,1596171716.402195
CF_Tcu_InhCda,0,1596171716.455009
CF_Tcu_InhCda,0,1596171716.463655
CF_Tcu_InhCda,0,1596171716.635202
CF_Tcu_InhCda,0,1596171716.7339869
CF_Tcu_InhCda,0,1596171716.795164
CF_Tcu_InhCda,0,1596171716.8322966
CF_Tcu_InhCda,0,1596171716.893381
CF_Tcu_InhCda,0,1596171716.9958699
CF_Tcu_InhCda,0,1596171717.0127392
CF_Tcu_InhCda,0,1596171717.0366454
CF_Tcu_InhCda,0,1596171717.0535278
CF_Tcu_InhCda,0,1596171717.074068
CF_Tcu_InhCda,0,1596171717.102674
CF_Tcu_InhCda,0,1596171717.184055
CF_Tcu_InhCda,0,1596171717.2744918
CF_Tcu_InhCda,0,1596171717.323893
CF_Tcu_InhCda,0,1596171717.3644269
CF_Tcu_InhCda,0,1596171717.474839
CF_Tcu_InhCda,0,1596171717.483566
CF_Tcu_InhCda,0,1596171717.504071
CF_Tcu_InhCda,0,1596171717.5937786
CF_Tcu_InhCda,0,1596171717.6551528
CF_Tcu_InhCda,0,1596171717.6757019
CF_Tcu_InhCda,0,1596171717.692294
CF_Tcu_InhCda,0,1596171717.7535038
CF_Tcu_InhCda,0,1596171717.762516
CF_Tcu_InhCda,0,1596171717.8031461
CF_Tcu_InhCda,0,1596171717.8317962
CF_Tcu_InhCda,0,1596171717.872663
CF_Tcu_InhCda,0,1596171717.8845198
CF_Tcu_InhCda,0,1596171717.9633422
CF_Tcu_InhCda,0,1596171717.9746306
CF_Tcu_InhCda,0,1596171717.983276
CF_Tcu_InhCda,0,1596171718.044328
CF_Tcu_InhCda,0,1596171718.0564866
CF_Tcu_InhCda,0,1596171718.0852194
CF_Tcu_InhCda,0,1596171718.2531679
CF_Tcu_InhCda,0,1596171718.26547
CF_Tcu_InhCda,0,1596171718.274184
CF_Tcu_InhCda,0,1596171718.2859142
CF_Tcu_InhCda,0,1596171718.2946649
CF_Tcu_InhCda,0,1596171718.302613
CF_Tcu_InhCda,0,1596171718.323045
CF_Tcu_InhCda,0,1596171718.335119
CF_Tcu_InhCda,0,1596171718.4541938
CF_Tcu_InhCda,0,1596171718.5729551
CF_Tcu_InhCda,0,1596171718.59317
CF_Tcu_InhCda,0,1596171718.634232
CF_Tcu_InhCda,0,1596171718.6755302
CF_Tcu_InhCda,0,1596171718.752887
CF_Tcu_InhCda,0,1596171718.8640099
CF_Tcu_InhCda,0,1596171718.8756511
CF_Tcu_InhCda,0,1596171718.916702
CF_Tcu_InhCda,0,1596171718.92483
CF_Tcu_InhCda,0,1596171718.933665
CF_Tcu_InhCda,0,1596171718.9826071
CF_Tcu_InhCda,0,1596171719.105052
CF_Tcu_InhCda,0,1596171719.1424608
CF_Tcu_InhCda,0,1596171719.183171
CF_Tcu_InhCda,0,1596171719.1953099
CF_Tcu_InhCda,0,1596171719.203383
CF_Tcu_InhCda,0,1596171719.2124648
CF_Tcu_InhCda,0,1596171719.223941
CF_Tcu_InhCda,0,1596171719.232449
CF_Tcu_InhCda,0,1596171719.256533
CF_Tcu_InhCda,0,1596171719.26494
CF_Tcu_InhCda,0,1596171719.404025
CF_Tcu_InhCda,0,1596171719.445057
CF_Tcu_InhCda,0,1596171719.5147252
CF_Tcu_InhCda,0,1596171719.564894
CF_Tcu_InhCda,0,1596171719.576006
CF_Tcu_InhCda,0,1596171719.592525
CF_Tcu_InhCda,0,1596171719.6866932
CF_Tcu_InhCda,0,1596171719.695022
CF_Tcu_InhCda,0,1596171719.7646198
CF_Tcu_InhCda,0,1596171719.8258722
CF_Tcu_InhCda,0,1596171719.8546019
CF_Tcu_InhCda,0,1596171719.875006
CF_Tcu_InhCda,0,1596171719.8835552
CF_Tcu_InhCda,0,1596171719.9037302
CF_Tcu_InhCda,0,1596171719.912789
CF_Tcu_InhCda,0,1596171719.932748
CF_Tcu_InhCda,0,1596171720.0060966
CF_Tcu_InhCda,0,1596171720.015027
CF_Tcu_InhCda,0,1596171720.022808
CF_Tcu_InhCda,0,1596171720.0553842
CF_Tcu_InhCda,0,1596171720.0721312
CF_Tcu_InhCda,0,1596171720.153574
CF_Tcu_InhCda,0,1596171720.165956
CF_Tcu_InhCda,0,1596171720.194626
CF_Tcu_InhCda,0,1596171720.223312
CF_Tcu_InhCda,0,1596171720.2441359
CF_Tcu_InhCda,0,1596171720.272733
CF_Tcu_InhCda,0,1596171720.293243
CF_Tcu_InhCda,0,1596171720.3342452
CF_Tcu_InhCda,0,1596171720.39535
CF_Tcu_InhCda,0,1596171720.432472
CF_Tcu_InhCda,0,1596171720.456694
CF_Tcu_InhCda,0,1596171720.4730961
CF_Tcu_InhCda,0,1596171720.485266
CF_Tcu_InhCda,0,1596171720.494258
CF_Tcu_InhCda,0,1596171720.5058222
CF_Tcu_InhCda,0,1596171720.514117
CF_Tcu_InhCda,0,1596171720.583605
CF_Tcu_InhCda,0,1596171720.592214
CF_Tcu_InhCda,0,1596171720.604128
CF_Tcu_InhCda,0,1596171720.6743028
CF_Tcu_InhCda,0,1596171720.69431
CF_Tcu_InhCda,0,1596171720.7641878
CF_Tcu_InhCda,0,1596171720.776106
CF_Tcu_InhCda,0,1596171720.7846901
CF_Tcu_InhCda,0,1596171720.804786
CF_Tcu_InhCda,0,1596171720.91209
CF_Tcu_InhCda,0,1596171720.932292
CF_Tcu_InhCda,0,1596171720.95633
CF_Tcu_InhCda,0,1596171721.0750568
CF_Tcu_InhCda,0,1596171721.09601
CF_Tcu_InhCda,0,1596171721.103879
CF_Tcu_InhCda,0,1596171721.11629
CF_Tcu_InhCda,0,1596171721.136539
CF_Tcu_InhCda,0,1596171721.2025151
CF_Tcu_InhCda,0,1596171721.2230358
CF_Tcu_InhCda,0,1596171721.4153109
CF_Tcu_InhCda,0,1596171721.427367
CF_Tcu_InhCda,0,1596171721.496973
CF_Tcu_InhCda,0,1596171721.5051386
CF_Tcu_InhCda,0,1596171721.5635278
CF_Tcu_InhCda,0,1596171721.673173
CF_Tcu_InhCda,0,1596171721.681757
CF_Tcu_InhCda,0,1596171721.693687
CF_Tcu_InhCda,0,1596171721.714269
CF_Tcu_InhCda,0,1596171721.734623
CF_Tcu_InhCda,0,1596171721.7550762
CF_Tcu_InhCda,0,1596171721.767284
CF_Tcu_InhCda,0,1596171721.775604
CF_Tcu_InhCda,0,1596171721.804527
CF_Tcu_InhCda,0,1596171721.833007
CF_Tcu_InhCda,0,1596171721.865608
CF_Tcu_InhCda,0,1596171721.88604
CF_Tcu_InhCda,0,1596171721.902591
CF_Tcu_InhCda,0,1596171721.931632
CF_Tcu_InhCda,0,1596171721.943499
CF_Tcu_InhCda,0,1596171722.0253189
CF_Tcu_InhCda,0,1596171722.033558
CF_Tcu_InhCda,0,1596171722.042208
CF_Tcu_InhCda,0,1596171722.054471
CF_Tcu_InhCda,0,1596171722.074594
CF_Tcu_InhCda,0,1596171722.083437
CF_Tcu_InhCda,0,1596171722.095225
CF_Tcu_InhCda,0,1596171722.1850636
CF_Tcu_InhCda,0,1596171722.222471
CF_Tcu_InhCda,0,1596171722.332993
CF_Tcu_InhCda,0,1596171722.406283
CF_Tcu_InhCda,0,1596171722.4227018
CF_Tcu_InhCda,0,1596171722.472354
CF_Tcu_InhCda,0,1596171722.484066
CF_Tcu_InhCda,0,1596171722.525012
CF_Tcu_InhCda,0,1596171722.635668
CF_Tcu_InhCda,0,1596171722.664413
CF_Tcu_InhCda,0,1596171722.67296
CF_Tcu_InhCda,0,1596171722.684952
CF_Tcu_InhCda,0,1596171722.697068
CF_Tcu_InhCda,0,1596171722.705437
CF_Tcu_InhCda,0,1596171722.713907
CF_Tcu_InhCda,0,1596171722.742914
CF_Tcu_InhCda,0,1596171722.8037179
CF_Tcu_InhCda,0,1596171722.914182
CF_Tcu_InhCda,0,1596171722.9227462
CF_Tcu_InhCda,0,1596171722.96409
CF_Tcu_InhCda,0,1596171722.983777
CF_Tcu_InhCda,0,1596171722.9924061
CF_Tcu_InhCda,0,1596171723.094381
CF_Tcu_InhCda,0,1596171723.1030028
CF_Tcu_InhCda,0,1596171723.127066
CF_Tcu_InhCda,0,1596171723.1844852
CF_Tcu_InhCda,0,1596171723.1930199
CF_Tcu_InhCda,0,1596171723.286784
CF_Tcu_InhCda,0,1596171723.303329
CF_Tcu_InhCda,0,1596171723.3242726
CF_Tcu_InhCda,0,1596171723.373348
CF_Tcu_InhCda,0,1596171723.434423
CF_Tcu_InhCda,0,1596171723.454839
CF_Tcu_InhCda,0,1596171723.562026
CF_Tcu_InhCda,0,1596171723.6027038
CF_Tcu_InhCda,0,1596171723.6145759
CF_Tcu_InhCda,0,1596171723.6267571
CF_Tcu_InhCda,0,1596171723.651718
CF_Tcu_InhCda,0,1596171723.6927931
CF_Tcu_InhCda,0,1596171723.7628312
CF_Tcu_InhCda,0,1596171723.7949462
CF_Tcu_InhCda,0,1596171723.803005
CF_Tcu_InhCda,0,1596171723.815177
CF_Tcu_InhCda,0,1596171723.8848948
CF_Tcu_InhCda,0,1596171723.925778
CF_Tcu_InhCda,0,1596171723.95444
CF_Tcu_InhCda,0,1596171723.963768
CF_Tcu_InhCda,0,1596171724.00366
CF_Tcu_InhCda,0,1596171724.065109
CF_Tcu_InhCda,0,1596171724.192389
CF_Tcu_InhCda,0,1596171724.2043982
CF_Tcu_InhCda,0,1596171724.266068
CF_Tcu_InhCda,0,1596171724.327209
CF_Tcu_InhCda,0,1596171724.364183
CF_Tcu_InhCda,0,1596171724.5648189
CF_Tcu_InhCda,0,1596171724.593471
CF_Tcu_InhCda,0,1596171724.634559
CF_Tcu_InhCda,0,1596171724.7044456
CF_Tcu_InhCda,0,1596171724.8231769
CF_Tcu_InhCda,0,1596171724.851867
CF_Tcu_InhCda,0,1596171724.863926
CF_Tcu_InhCda,0,1596171724.884285
CF_Tcu_InhCda,0,1596171724.9051962
CF_Tcu_InhCda,0,1596171724.913281
CF_Tcu_InhCda,0,1596171724.953897
CF_Tcu_InhCda,0,1596171725.007141
CF_Tcu_InhCda,0,1596171725.0235784
CF_Tcu_InhCda,0,1596171725.093208
CF_Tcu_InhCda,0,1596171725.1258008
CF_Tcu_InhCda,0,1596171725.212919
CF_Tcu_InhCda,0,1596171725.256952
CF_Tcu_InhCda,0,1596171725.273501
CF_Tcu_InhCda,0,1596171725.285723
CF_Tcu_InhCda,0,1596171725.314377
CF_Tcu_InhCda,0,1596171725.482573
CF_Tcu_InhCda,0,1596171725.494685
CF_Tcu_InhCda,0,1596171725.503371
CF_Tcu_InhCda,0,1596171725.5642679
CF_Tcu_InhCda,0,1596171725.593274
CF_Tcu_InhCda,0,1596171725.6050649
CF_Tcu_InhCda,0,1596171725.633879
CF_Tcu_InhCda,0,1596171725.6747034
CF_Tcu_InhCda,0,1596171725.785238
CF_Tcu_InhCda,0,1596171725.8057332
CF_Tcu_InhCda,0,1596171725.892283
CF_Tcu_InhCda,0,1596171725.945317
CF_Tcu_InhCda,0,1596171725.9743402
CF_Tcu_InhCda,0,1596171726.0231721
CF_Tcu_InhCda,0,1596171726.072524
CF_Tcu_InhCda,0,1596171726.0844202
CF_Tcu_InhCda,0,1596171726.093099
CF_Tcu_InhCda,0,1596171726.104851
CF_Tcu_InhCda,0,1596171726.113319
CF_Tcu_InhCda,0,1596171726.1215758
CF_Tcu_InhCda,0,1596171726.1540089
CF_Tcu_InhCda,0,1596171726.2527132
CF_Tcu_InhCda,0,1596171726.3639061
CF_Tcu_InhCda,0,1596171726.41309
CF_Tcu_InhCda,0,1596171726.424356
CF_Tcu_InhCda,0,1596171726.43646
CF_Tcu_InhCda,0,1596171726.584378
CF_Tcu_InhCda,0,1596171726.613935
CF_Tcu_InhCda,0,1596171726.715062
CF_Tcu_InhCda,0,1596171726.752485
CF_Tcu_InhCda,0,1596171726.7642741
CF_Tcu_InhCda,0,1596171726.776435
CF_Tcu_InhCda,0,1596171726.785234
CF_Tcu_InhCda,0,1596171726.792984
CF_Tcu_InhCda,0,1596171726.8144052
CF_Tcu_InhCda,0,1596171726.8543758
CF_Tcu_InhCda,0,1596171726.8666182
CF_Tcu_InhCda,0,1596171726.883326
CF_Tcu_InhCda,0,1596171726.953092
CF_Tcu_InhCda,0,1596171727.0143812
CF_Tcu_InhCda,0,1596171727.0226939
CF_Tcu_InhCda,0,1596171727.034625
CF_Tcu_InhCda,0,1596171727.05513
CF_Tcu_InhCda,0,1596171727.064777
CF_Tcu_InhCda,0,1596171727.07186
CF_Tcu_InhCda,0,1596171727.092234
CF_Tcu_InhCda,0,1596171727.1331608
CF_Tcu_InhCda,0,1596171727.1738741
CF_Tcu_InhCda,0,1596171727.1824331
CF_Tcu_InhCda,0,1596171727.2315774
CF_Tcu_InhCda,0,1596171727.341972
CF_Tcu_InhCda,0,1596171727.386745
CF_Tcu_InhCda,0,1596171727.4032788
CF_Tcu_InhCda,0,1596171727.4933019
CF_Tcu_InhCda,0,1596171727.526021
CF_Tcu_InhCda,0,1596171727.542578
CF_Tcu_InhCda,0,1596171727.6654491
CF_Tcu_InhCda,0,1596171727.6857028
CF_Tcu_InhCda,0,1596171727.694537
CF_Tcu_InhCda,0,1596171727.702723
CF_Tcu_InhCda,0,1596171727.7266982
CF_Tcu_InhCda,0,1596171727.743318
CF_Tcu_InhCda,0,1596171727.7639492
CF_Tcu_InhCda,0,1596171727.8418298
CF_Tcu_InhCda,0,1596171727.915093
CF_Tcu_InhCda,0,1596171727.972897
CF_Tcu_InhCda,0,1596171727.984719
CF_Tcu_InhCda,0,1596171728.103574
CF_Tcu_InhCda,0,1596171728.12467
CF_Tcu_InhCda,0,1596171728.1650748
CF_Tcu_InhCda,0,1596171728.2923949
CF_Tcu_InhCda,0,1596171728.304223
CF_Tcu_InhCda,0,1596171728.3247428
CF_Tcu_InhCda,0,1596171728.353452
CF_Tcu_InhCda,0,1596171728.386147
CF_Tcu_InhCda,0,1596171728.603657
CF_Tcu_InhCda,0,1596171728.623795
CF_Tcu_InhCda,0,1596171728.6360118
CF_Tcu_InhCda,0,1596171728.693474
CF_Tcu_InhCda,0,1596171728.763912
CF_Tcu_InhCda,0,1596171728.9231179
CF_Tcu_InhCda,0,1596171728.934988
CF_Tcu_InhCda,0,1596171728.9554088
CF_Tcu_InhCda,0,1596171728.964412
CF_Tcu_InhCda,0,1596171728.972374
CF_Tcu_InhCda,0,1596171729.0169194
CF_Tcu_InhCda,0,1596171729.05427
CF_Tcu_InhCda,0,1596171729.0662348
CF_Tcu_InhCda,0,1596171729.2138948
CF_Tcu_InhCda,0,1596171729.2666929
CF_Tcu_InhCda,0,1596171729.2749119
CF_Tcu_InhCda,0,1596171729.3245606
CF_Tcu_InhCda,0,1596171729.385633
CF_Tcu_InhCda,0,1596171729.406019
CF_Tcu_InhCda,0,1596171729.565716
CF_Tcu_InhCda,0,1596171729.574014
CF_Tcu_InhCda,0,1596171729.586163
CF_Tcu_InhCda,0,1596171729.594631
CF_Tcu_InhCda,0,1596171729.635471
CF_Tcu_InhCda,0,1596171729.664165
CF_Tcu_InhCda,0,1596171729.7050726
CF_Tcu_InhCda,0,1596171729.864864
CF_Tcu_InhCda,0,1596171729.876986
CF_Tcu_InhCda,0,1596171729.8853388
CF_Tcu_InhCda,0,1596171729.8975651
CF_Tcu_InhCda,0,1596171729.905715
CF_Tcu_InhCda,0,1596171729.914315
CF_Tcu_InhCda,0,1596171729.934318
CF_Tcu_InhCda,0,1596171729.9547954
CF_Tcu_InhCda,0,1596171729.983626
CF_Tcu_InhCda,0,1596171730.0040731
CF_Tcu_InhCda,0,1596171730.155452
CF_Tcu_InhCda,0,1596171730.163987
CF_Tcu_InhCda,0,1596171730.1724658
CF_Tcu_InhCda,0,1596171730.23743
CF_Tcu_InhCda,0,1596171730.26617
CF_Tcu_InhCda,0,1596171730.28295
CF_Tcu_InhCda,0,1596171730.2949119
CF_Tcu_InhCda,0,1596171730.3119009
CF_Tcu_InhCda,0,1596171730.3321538
CF_Tcu_InhCda,0,1596171730.344007
CF_Tcu_InhCda,0,1596171730.45453
CF_Tcu_InhCda,0,1596171730.463872
CF_Tcu_InhCda,0,1596171730.475023
CF_Tcu_InhCda,0,1596171730.491885
CF_Tcu_InhCda,0,1596171730.503741
CF_Tcu_InhCda,0,1596171730.512894
CF_Tcu_InhCda,0,1596171730.536449
CF_Tcu_InhCda,0,1596171730.6636832
CF_Tcu_InhCda,0,1596171730.7945569
CF_Tcu_InhCda,0,1596171730.8030322
CF_Tcu_InhCda,0,1596171730.925497
CF_Tcu_InhCda,0,1596171730.9953294
CF_Tcu_InhCda,0,1596171731.114432
CF_Tcu_InhCda,0,1596171731.1345599
CF_Tcu_InhCda,0,1596171731.155052
CF_Tcu_InhCda,0,1596171731.1755464
CF_Tcu_InhCda,0,1596171731.224568
CF_Tcu_InhCda,0,1596171731.3639688
CF_Tcu_InhCda,0,1596171731.416977
CF_Tcu_InhCda,0,1596171731.445937
CF_Tcu_InhCda,0,1596171731.5526998
CF_Tcu_InhCda,0,1596171731.5645592
CF_Tcu_InhCda,0,1596171731.5767648
CF_Tcu_InhCda,0,1596171731.5972779
CF_Tcu_InhCda,0,1596171731.622253
CF_Tcu_InhCda,0,1596171731.663928
CF_Tcu_InhCda,0,1596171731.683975
CF_Tcu_InhCda,0,1596171731.7329268
CF_Tcu_InhCda,0,1596171731.773921
CF_Tcu_InhCda,0,1596171731.8554769
CF_Tcu_InhCda,0,1596171731.88411
CF_Tcu_InhCda,0,1596171731.933515
CF_Tcu_InhCda,0,1596171731.9742012
CF_Tcu_InhCda,0,1596171732.015229
CF_Tcu_InhCda,0,1596171732.0356832
CF_Tcu_InhCda,0,1596171732.0560699
CF_Tcu_InhCda,0,1596171732.076447
CF_Tcu_InhCda,0,1596171732.093281
CF_Tcu_InhCda,0,1596171732.113611
CF_Tcu_InhCda,0,1596171732.1255648
CF_Tcu_InhCda,0,1596171732.15435
CF_Tcu_InhCda,0,1596171732.174825
CF_Tcu_InhCda,0,1596171732.196177
CF_Tcu_InhCda,0,1596171732.21577
CF_Tcu_InhCda,0,1596171732.3344688
CF_Tcu_InhCda,0,1596171732.4331071
CF_Tcu_InhCda,0,1596171732.453865
CF_Tcu_InhCda,0,1596171732.5352561
CF_Tcu_InhCda,0,1596171732.543412
CF_Tcu_InhCda,0,1596171732.674528
CF_Tcu_InhCda,0,1596171732.773134
CF_Tcu_InhCda,0,1596171732.785151
CF_Tcu_InhCda,0,1596171732.8138142
CF_Tcu_InhCda,0,1596171732.8838036
CF_Tcu_InhCda,0,1596171732.916318
CF_Tcu_InhCda,0,1596171732.936519
CF_Tcu_InhCda,0,1596171732.953312
CF_Tcu_InhCda,0,1596171733.0145519
CF_Tcu_InhCda,0,1596171733.0758119
CF_Tcu_InhCda,0,1596171733.096586
CF_Tcu_InhCda,0,1596171733.145733
CF_Tcu_InhCda,0,1596171733.154058
CF_Tcu_InhCda,0,1596171733.18639
CF_Tcu_InhCda,0,1596171733.256142
CF_Tcu_InhCda,0,1596171733.264318
CF_Tcu_InhCda,0,1596171733.272841
CF_Tcu_InhCda,0,1596171733.3174481
CF_Tcu_InhCda,0,1596171733.3834536
CF_Tcu_InhCda,0,1596171733.395713
CF_Tcu_InhCda,0,1596171733.5058274
CF_Tcu_InhCda,0,1596171733.5141869
CF_Tcu_InhCda,0,1596171733.5263832
CF_Tcu_InhCda,0,1596171733.564508
CF_Tcu_InhCda,0,1596171733.575547
CF_Tcu_InhCda,0,1596171733.584072
CF_Tcu_InhCda,0,1596171733.6042502
CF_Tcu_InhCda,0,1596171733.6246898
CF_Tcu_InhCda,0,1596171733.6537118
CF_Tcu_InhCda,0,1596171733.6743958
CF_Tcu_InhCda,0,1596171733.686178
CF_Tcu_InhCda,0,1596171733.694349
CF_Tcu_InhCda,0,1596171733.735787
CF_Tcu_InhCda,0,1596171733.743593
CF_Tcu_InhCda,0,1596171733.8049529
CF_Tcu_InhCda,0,1596171733.8137891
CF_Tcu_InhCda,0,1596171733.825421
CF_Tcu_InhCda,0,1596171733.915544
CF_Tcu_InhCda,0,1596171733.935925
CF_Tcu_InhCda,0,1596171733.96472
CF_Tcu_InhCda,0,1596171733.985162
CF_Tcu_InhCda,0,1596171733.9974122
CF_Tcu_InhCda,0,1596171734.0177534
CF_Tcu_InhCda,0,1596171734.042994
CF_Tcu_InhCda,0,1596171734.1162274
CF_Tcu_InhCda,0,1596171734.125049
CF_Tcu_InhCda,0,1596171734.1366332
CF_Tcu_InhCda,0,1596171734.1572518
CF_Tcu_InhCda,0,1596171734.165518
CF_Tcu_InhCda,0,1596171734.1857226
CF_Tcu_InhCda,0,1596171734.2150419
CF_Tcu_InhCda,0,1596171734.4151561
CF_Tcu_InhCda,0,1596171734.456131
CF_Tcu_InhCda,0,1596171734.4647946
CF_Tcu_InhCda,0,1596171734.5174851
CF_Tcu_InhCda,0,1596171734.5258641
CF_Tcu_InhCda,0,1596171734.534004
CF_Tcu_InhCda,0,1596171734.554834
CF_Tcu_InhCda,0,1596171734.5749838
CF_Tcu_InhCda,0,1596171734.583752
CF_Tcu_InhCda,0,1596171734.5958972
CF_Tcu_InhCda,0,1596171734.6532571
CF_Tcu_InhCda,0,1596171734.722739
CF_Tcu_InhCda,0,1596171734.7755706
CF_Tcu_InhCda,0,1596171734.804276
CF_Tcu_InhCda,0,1596171734.816604
CF_Tcu_InhCda,0,1596171734.853507
CF_Tcu_InhCda,0,1596171734.8860989
CF_Tcu_InhCda,0,1596171735.0339782
CF_Tcu_InhCda,0,1596171735.0544806
CF_Tcu_InhCda,0,1596171735.066705
CF_Tcu_InhCda,0,1596171735.074655
CF_Tcu_InhCda,0,1596171735.1160376
CF_Tcu_InhCda,0,1596171735.2139199
CF_Tcu_InhCda,0,1596171735.222683
CF_Tcu_InhCda,0,1596171735.2343519
CF_Tcu_InhCda,0,1596171735.2836108
CF_Tcu_InhCda,0,1596171735.324436
CF_Tcu_InhCda,0,1596171735.3330188
CF_Tcu_InhCda,0,1596171735.463954
CF_Tcu_InhCda,0,1596171735.496882
CF_Tcu_InhCda,0,1596171735.635665
CF_Tcu_InhCda,0,1596171735.656189
CF_Tcu_InhCda,0,1596171735.6767519
CF_Tcu_InhCda,0,1596171735.766958
CF_Tcu_InhCda,0,1596171735.8246331
CF_Tcu_InhCda,0,1596171735.902384
CF_Tcu_InhCda,0,1596171735.922879
CF_Tcu_InhCda,0,1596171735.934731
CF_Tcu_InhCda,0,1596171735.955147
CF_Tcu_InhCda,0,1596171735.964531
CF_Tcu_InhCda,0,1596171735.975741
CF_Tcu_InhCda,0,1596171735.987984
CF_Tcu_InhCda,0,1596171736.0043962
CF_Tcu_InhCda,0,1596171736.065867
CF_Tcu_InhCda,0,1596171736.086299
CF_Tcu_InhCda,0,1596171736.1029642
CF_Tcu_InhCda,0,1596171736.1642509
CF_Tcu_InhCda,0,1596171736.205118
CF_Tcu_InhCda,0,1596171736.217358
CF_Tcu_InhCda,0,1596171736.2338636
CF_Tcu_InhCda,0,1596171736.2666929
CF_Tcu_InhCda,0,1596171736.283256
CF_Tcu_InhCda,0,1596171736.315686
CF_Tcu_InhCda,0,1596171736.356701
CF_Tcu_InhCda,0,1596171736.365028
CF_Tcu_InhCda,0,1596171736.377035
CF_Tcu_InhCda,0,1596171736.3853
CF_Tcu_InhCda,0,1596171736.393941
CF_Tcu_InhCda,0,1596171736.5368042
CF_Tcu_InhCda,0,1596171736.557276
CF_Tcu_InhCda,0,1596171736.5658188
CF_Tcu_InhCda,0,1596171736.5737698
CF_Tcu_InhCda,0,1596171736.615196
CF_Tcu_InhCda,0,1596171736.655599
CF_Tcu_InhCda,0,1596171736.6640792
CF_Tcu_InhCda,0,1596171736.6760411
CF_Tcu_InhCda,0,1596171736.763525
CF_Tcu_InhCda,0,1596171736.7745366
CF_Tcu_InhCda,0,1596171736.824001
CF_Tcu_InhCda,0,1596171736.835844
CF_Tcu_InhCda,0,1596171736.856472
CF_Tcu_InhCda,0,1596171736.864505
CF_Tcu_InhCda,0,1596171736.975062
CF_Tcu_InhCda,0,1596171736.983883
CF_Tcu_InhCda,0,1596171736.99591
CF_Tcu_InhCda,0,1596171737.012465
CF_Tcu_InhCda,0,1596171737.028407
CF_Tcu_InhCda,0,1596171737.1024811
CF_Tcu_InhCda,0,1596171737.1347818
CF_Tcu_InhCda,0,1596171737.1557894
CF_Tcu_InhCda,0,1596171737.164331
CF_Tcu_InhCda,0,1596171737.175682
CF_Tcu_InhCda,0,1596171737.1840632
CF_Tcu_InhCda,0,1596171737.2168
CF_Tcu_InhCda,0,1596171737.274789
CF_Tcu_InhCda,0,1596171737.3559551
CF_Tcu_InhCda,0,1596171737.393323
CF_Tcu_InhCda,0,1596171737.4051552
CF_Tcu_InhCda,0,1596171737.413792
CF_Tcu_InhCda,0,1596171737.425634
CF_Tcu_InhCda,0,1596171737.4342248
CF_Tcu_InhCda,0,1596171737.454311
CF_Tcu_InhCda,0,1596171737.466603
CF_Tcu_InhCda,0,1596171737.4750562
CF_Tcu_InhCda,0,1596171737.483362
CF_Tcu_InhCda,0,1596171737.515763
CF_Tcu_InhCda,0,1596171737.585643
CF_Tcu_InhCda,0,1596171737.593933
CF_Tcu_InhCda,0,1596171737.626299
CF_Tcu_InhCda,0,1596171737.6961555
CF_Tcu_InhCda,0,1596171737.786024
CF_Tcu_InhCda,0,1596171737.8029902
CF_Tcu_InhCda,0,1596171737.814983
CF_Tcu_InhCda,0,1596171737.85562
CF_Tcu_InhCda,0,1596171737.864526
CF_Tcu_InhCda,0,1596171737.876134
CF_Tcu_InhCda,0,1596171737.8847091
CF_Tcu_InhCda,0,1596171737.897182
CF_Tcu_InhCda,0,1596171737.9048052
CF_Tcu_InhCda,0,1596171737.983047
CF_Tcu_InhCda,0,1596171738.015465
CF_Tcu_InhCda,0,1596171738.024141
CF_Tcu_InhCda,0,1596171738.035841
CF_Tcu_InhCda,0,1596171738.0564651
CF_Tcu_InhCda,0,1596171738.06499
CF_Tcu_InhCda,0,1596171738.076875
CF_Tcu_InhCda,0,1596171738.11768
CF_Tcu_InhCda,0,1596171738.1426911
CF_Tcu_InhCda,0,1596171738.2162292
CF_Tcu_InhCda,0,1596171738.323013
CF_Tcu_InhCda,0,1596171738.3348641
CF_Tcu_InhCda,0,1596171738.355933
CF_Tcu_InhCda,0,1596171738.3644214
CF_Tcu_InhCda,0,1596171738.3758268
CF_Tcu_InhCda,0,1596171738.384325
CF_Tcu_InhCda,0,1596171738.454162
CF_Tcu_InhCda,0,1596171738.4661386
CF_Tcu_InhCda,0,1596171738.47457
CF_Tcu_InhCda,0,1596171738.6748881
CF_Tcu_InhCda,0,1596171738.71572
CF_Tcu_InhCda,0,1596171738.744428
CF_Tcu_InhCda,0,1596171738.753006
CF_Tcu_InhCda,0,1596171738.764977
CF_Tcu_InhCda,0,1596171738.793947
CF_Tcu_InhCda,0,1596171738.875476
CF_Tcu_InhCda,0,1596171738.9044971
CF_Tcu_InhCda,0,1596171738.916468
CF_Tcu_InhCda,0,1596171738.9536462
CF_Tcu_InhCda,0,1596171738.9656909
CF_Tcu_InhCda,0,1596171738.986044
CF_Tcu_InhCda,0,1596171739.163585
CF_Tcu_InhCda,0,1596171739.2243311
CF_Tcu_InhCda,0,1596171739.252876
CF_Tcu_InhCda,0,1596171739.264684
CF_Tcu_InhCda,0,1596171739.3751562
CF_Tcu_InhCda,0,1596171739.3838909
CF_Tcu_InhCda,0,1596171739.5231
CF_Tcu_InhCda,0,1596171739.563971
CF_Tcu_InhCda,0,1596171739.584425
CF_Tcu_InhCda,0,1596171739.625034
CF_Tcu_InhCda,0,1596171739.6660259
CF_Tcu_InhCda,0,1596171739.686502
CF_Tcu_InhCda,0,1596171739.866838
CF_Tcu_InhCda,0,1596171739.953141
CF_Tcu_InhCda,0,1596171740.064384
CF_Tcu_InhCda,0,1596171740.133632
CF_Tcu_InhCda,0,1596171740.2640312
CF_Tcu_InhCda,0,1596171740.284933
CF_Tcu_InhCda,0,1596171740.333678
CF_Tcu_InhCda,0,1596171740.354218
CF_Tcu_InhCda,0,1596171740.424258
CF_Tcu_InhCda,0,1596171740.465099
CF_Tcu_InhCda,0,1596171740.4733849
CF_Tcu_InhCda,0,1596171740.566972
CF_Tcu_InhCda,0,1596171740.7554471
CF_Tcu_InhCda,0,1596171740.764121
CF_Tcu_InhCda,0,1596171740.7759948
CF_Tcu_InhCda,0,1596171740.8334901
CF_Tcu_InhCda,0,1596171740.8829708
CF_Tcu_InhCda,0,1596171741.063883
CF_Tcu_InhCda,0,1596171741.104183
CF_Tcu_InhCda,0,1596171741.1651108
CF_Tcu_InhCda,0,1596171741.243276
CF_Tcu_InhCda,0,1596171741.2552152
CF_Tcu_InhCda,0,1596171741.29635
CF_Tcu_InhCda,0,1596171741.304677
CF_Tcu_InhCda,0,1596171741.333441
CF_Tcu_InhCda,0,1596171741.353919
CF_Tcu_InhCda,0,1596171741.3660321
CF_Tcu_InhCda,0,1596171741.374773
CF_Tcu_InhCda,0,1596171741.403018
CF_Tcu_InhCda,0,1596171741.4558456
CF_Tcu_InhCda,0,1596171741.476309
CF_Tcu_InhCda,0,1596171741.542191
CF_Tcu_InhCda,0,1596171741.554234
CF_Tcu_InhCda,0,1596171741.595357
CF_Tcu_InhCda,0,1596171741.6157172
CF_Tcu_InhCda,0,1596171741.636151
CF_Tcu_InhCda,0,1596171741.6734471
CF_Tcu_InhCda,0,1596171741.714037
CF_Tcu_InhCda,0,1596171741.7261631
CF_Tcu_InhCda,0,1596171741.7549849
CF_Tcu_InhCda,0,1596171741.775309
CF_Tcu_InhCda,0,1596171741.783839
CF_Tcu_InhCda,0,1596171741.8332741
CF_Tcu_InhCda,0,1596171741.853709
CF_Tcu_InhCda,0,1596171741.865508
CF_Tcu_InhCda,0,1596171741.885972
CF_Tcu_InhCda,0,1596171741.9555528
CF_Tcu_InhCda,0,1596171741.9641788
CF_Tcu_InhCda,0,1596171742.0746539
CF_Tcu_InhCda,0,1596171742.1935132
CF_Tcu_InhCda,0,1596171742.2258348
CF_Tcu_InhCda,0,1596171742.23421
CF_Tcu_InhCda,0,1596171742.2549481
CF_Tcu_InhCda,0,1596171742.2636461
CF_Tcu_InhCda,0,1596171742.275059
CF_Tcu_InhCda,0,1596171742.3160052
CF_Tcu_InhCda,0,1596171742.3242726
CF_Tcu_InhCda,0,1596171742.353327
CF_Tcu_InhCda,0,1596171742.373926
CF_Tcu_InhCda,0,1596171742.402443
CF_Tcu_InhCda,0,1596171742.5137331
CF_Tcu_InhCda,0,1596171742.524875
CF_Tcu_InhCda,0,1596171742.565956
CF_Tcu_InhCda,0,1596171742.582707
CF_Tcu_InhCda,0,1596171742.594697
CF_Tcu_InhCda,0,1596171742.6236758
CF_Tcu_InhCda,0,1596171742.6644552
CF_Tcu_InhCda,0,1596171742.6764002
CF_Tcu_InhCda,0,1596171742.684982
CF_Tcu_InhCda,0,1596171742.705065
CF_Tcu_InhCda,0,1596171742.8038712
CF_Tcu_InhCda,0,1596171742.815896
CF_Tcu_InhCda,0,1596171742.8241448
CF_Tcu_InhCda,0,1596171742.8654668
CF_Tcu_InhCda,0,1596171742.934561
CF_Tcu_InhCda,0,1596171742.955043
CF_Tcu_InhCda,0,1596171742.9642694
CF_Tcu_InhCda,0,1596171743.0942268
CF_Tcu_InhCda,0,1596171743.1065462
CF_Tcu_InhCda,0,1596171743.115128
CF_Tcu_InhCda,0,1596171743.126958
CF_Tcu_InhCda,0,1596171743.135118
CF_Tcu_InhCda,0,1596171743.1556401
CF_Tcu_InhCda,0,1596171743.1642518
CF_Tcu_InhCda,0,1596171743.2047338
CF_Tcu_InhCda,0,1596171743.254433
CF_Tcu_InhCda,0,1596171743.2749279
CF_Tcu_InhCda,0,1596171743.2950568
CF_Tcu_InhCda,0,1596171743.3851142
CF_Tcu_InhCda,0,1596171743.41385
CF_Tcu_InhCda,0,1596171743.4341712
CF_Tcu_InhCda,0,1596171743.454957
CF_Tcu_InhCda,0,1596171743.463789
CF_Tcu_InhCda,0,1596171743.495799
CF_Tcu_InhCda,0,1596171743.524382
CF_Tcu_InhCda,0,1596171743.532991
CF_Tcu_InhCda,0,1596171743.557004
CF_Tcu_InhCda,0,1596171743.565842
CF_Tcu_InhCda,0,1596171743.577465
CF_Tcu_InhCda,0,1596171743.6757581
CF_Tcu_InhCda,0,1596171743.6842802
CF_Tcu_InhCda,0,1596171743.6965828
CF_Tcu_InhCda,0,1596171743.704514
CF_Tcu_InhCda,0,1596171743.725042
CF_Tcu_InhCda,0,1596171743.754078
CF_Tcu_InhCda,0,1596171743.765882
CF_Tcu_InhCda,0,1596171743.835521
CF_Tcu_InhCda,0,1596171743.905632
CF_Tcu_InhCda,0,1596171743.9747949
CF_Tcu_InhCda,0,1596171743.9835124
CF_Tcu_InhCda,0,1596171743.995472
CF_Tcu_InhCda,0,1596171744.007516
CF_Tcu_InhCda,0,1596171744.015712
CF_Tcu_InhCda,0,1596171744.0245118
CF_Tcu_InhCda,0,1596171744.0363011
CF_Tcu_InhCda,0,1596171744.164269
CF_Tcu_InhCda,0,1596171744.175499
CF_Tcu_InhCda,0,1596171744.20419
CF_Tcu_InhCda,0,1596171744.224659
CF_Tcu_InhCda,0,1596171744.326974
CF_Tcu_InhCda,0,1596171744.335367
CF_Tcu_InhCda,0,1596171744.355737
CF_Tcu_InhCda,0,1596171744.3680582
CF_Tcu_InhCda,0,1596171744.454418
CF_Tcu_InhCda,0,1596171744.466388
CF_Tcu_InhCda,0,1596171744.474952
CF_Tcu_InhCda,0,1596171744.552825
CF_Tcu_InhCda,0,1596171744.5850296
CF_Tcu_InhCda,0,1596171744.605676
CF_Tcu_InhCda,0,1596171744.626055
CF_Tcu_InhCda,0,1596171744.634544
CF_Tcu_InhCda,0,1596171744.765693
CF_Tcu_InhCda,0,1596171744.773889
CF_Tcu_InhCda,0,1596171744.855366
CF_Tcu_InhCda,0,1596171744.8846462
CF_Tcu_InhCda,0,1596171744.9048018
CF_Tcu_InhCda,0,1596171744.954033
CF_Tcu_InhCda,0,1596171744.97445
CF_Tcu_InhCda,0,1596171744.99488
CF_Tcu_InhCda,0,1596171745.056005
CF_Tcu_InhCda,0,1596171745.06471
CF_Tcu_InhCda,0,1596171745.12562
CF_Tcu_InhCda,0,1596171745.19576
CF_Tcu_InhCda,0,1596171745.2037911
CF_Tcu_InhCda,0,1596171745.2158232
CF_Tcu_InhCda,0,1596171745.228259
CF_Tcu_InhCda,0,1596171745.236234
CF_Tcu_InhCda,0,1596171745.256927
CF_Tcu_InhCda,0,1596171745.2737038
CF_Tcu_InhCda,0,1596171745.2853901
CF_Tcu_InhCda,0,1596171745.3142269
CF_Tcu_InhCda,0,1596171745.326317
CF_Tcu_InhCda,0,1596171745.3346741
CF_Tcu_InhCda,0,1596171745.355129
CF_Tcu_InhCda,0,1596171745.363785
CF_Tcu_InhCda,0,1596171745.424717
CF_Tcu_InhCda,0,1596171745.4862454
CF_Tcu_InhCda,0,1596171745.502827
CF_Tcu_InhCda,0,1596171745.5148742
CF_Tcu_InhCda,0,1596171745.527076
CF_Tcu_InhCda,0,1596171745.5354009
CF_Tcu_InhCda,0,1596171745.5640368
CF_Tcu_InhCda,0,1596171745.64604
CF_Tcu_InhCda,0,1596171745.654401
CF_Tcu_InhCda,0,1596171745.683439
CF_Tcu_InhCda,0,1596171745.78519
CF_Tcu_InhCda,0,1596171745.854752
CF_Tcu_InhCda,0,1596171745.916333
CF_Tcu_InhCda,0,1596171745.924404
CF_Tcu_InhCda,0,1596171745.9571881
CF_Tcu_InhCda,0,1596171745.9655838
CF_Tcu_InhCda,0,1596171745.977709
CF_Tcu_InhCda,0,1596171746.043533
CF_Tcu_InhCda,0,1596171746.084137
CF_Tcu_InhCda,0,1596171746.0966852
CF_Tcu_InhCda,0,1596171746.1047528
CF_Tcu_InhCda,0,1596171746.1168358
CF_Tcu_InhCda,0,1596171746.125512
CF_Tcu_InhCda,0,1596171746.133617
CF_Tcu_InhCda,0,1596171746.154343
CF_Tcu_InhCda,0,1596171746.1629472
CF_Tcu_InhCda,0,1596171746.186511
CF_Tcu_InhCda,0,1596171746.223969
CF_Tcu_InhCda,0,1596171746.2564852
CF_Tcu_InhCda,0,1596171746.3341029
CF_Tcu_InhCda,0,1596171746.363606
CF_Tcu_InhCda,0,1596171746.374966
CF_Tcu_InhCda,0,1596171746.387167
CF_Tcu_InhCda,0,1596171746.403684
CF_Tcu_InhCda,0,1596171746.415956
CF_Tcu_InhCda,0,1596171746.424285
CF_Tcu_InhCda,0,1596171746.4363961
CF_Tcu_InhCda,0,1596171746.543294
CF_Tcu_InhCda,0,1596171746.5552902
CF_Tcu_InhCda,0,1596171746.5756528
CF_Tcu_InhCda,0,1596171746.633364
CF_Tcu_InhCda,0,1596171746.694576
CF_Tcu_InhCda,0,1596171746.7153711
CF_Tcu_InhCda,0,1596171746.735352
CF_Tcu_InhCda,0,1596171746.7557726
CF_Tcu_InhCda,0,1596171746.834034
CF_Tcu_InhCda,0,1596171746.854597
CF_Tcu_InhCda,0,1596171746.896178
CF_Tcu_InhCda,0,1596171746.964761
CF_Tcu_InhCda,0,1596171746.973382
CF_Tcu_InhCda,0,1596171746.985302
CF_Tcu_InhCda,0,1596171746.993983
CF_Tcu_InhCda,0,1596171747.014815
CF_Tcu_InhCda,0,1596171747.0347302
CF_Tcu_InhCda,0,1596171747.0549788
CF_Tcu_InhCda,0,1596171747.124491
CF_Tcu_InhCda,0,1596171747.235019
CF_Tcu_InhCda,0,1596171747.292886
CF_Tcu_InhCda,0,1596171747.363174
CF_Tcu_InhCda,0,1596171747.37449
CF_Tcu_InhCda,0,1596171747.415431
CF_Tcu_InhCda,0,1596171747.4239619
CF_Tcu_InhCda,0,1596171747.435745
CF_Tcu_InhCda,0,1596171747.4562614
CF_Tcu_InhCda,0,1596171747.583657
CF_Tcu_InhCda,0,1596171747.5962179
CF_Tcu_InhCda,0,1596171747.615906
CF_Tcu_InhCda,0,1596171747.6364648
CF_Tcu_InhCda,0,1596171747.644833
CF_Tcu_InhCda,0,1596171747.653302
CF_Tcu_InhCda,0,1596171747.714334
CF_Tcu_InhCda,0,1596171747.7348561
CF_Tcu_InhCda,0,1596171747.833468
CF_Tcu_InhCda,0,1596171747.8538966
CF_Tcu_InhCda,0,1596171747.89449
CF_Tcu_InhCda,0,1596171747.9151008
CF_Tcu_InhCda,0,1596171747.996976
CF_Tcu_InhCda,0,1596171748.005035
CF_Tcu_InhCda,0,1596171748.0143359
CF_Tcu_InhCda,0,1596171748.034133
CF_Tcu_InhCda,0,1596171748.063742
CF_Tcu_InhCda,0,1596171748.074773
CF_Tcu_InhCda,0,1596171748.115701
CF_Tcu_InhCda,0,1596171748.164789
CF_Tcu_InhCda,0,1596171748.173415
CF_Tcu_InhCda,0,1596171748.213959
CF_Tcu_InhCda,0,1596171748.2345018
CF_Tcu_InhCda,0,1596171748.2549882
CF_Tcu_InhCda,0,1596171748.2753642
CF_Tcu_InhCda,0,1596171748.357478
CF_Tcu_InhCda,0,1596171748.4930232
CF_Tcu_InhCda,0,1596171748.517077
CF_Tcu_InhCda,0,1596171748.533809
CF_Tcu_InhCda,0,1596171748.574899
CF_Tcu_InhCda,0,1596171748.595057
CF_Tcu_InhCda,0,1596171748.6154912
CF_Tcu_InhCda,0,1596171748.697394
CF_Tcu_InhCda,0,1596171748.816226
CF_Tcu_InhCda,0,1596171748.824553
CF_Tcu_InhCda,0,1596171748.8939779
CF_Tcu_InhCda,0,1596171748.95532
CF_Tcu_InhCda,0,1596171748.975717
CF_Tcu_InhCda,0,1596171749.054114
CF_Tcu_InhCda,0,1596171749.115205
CF_Tcu_InhCda,0,1596171749.127288
CF_Tcu_InhCda,0,1596171749.135943
CF_Tcu_InhCda,0,1596171749.1765368
CF_Tcu_InhCda,0,1596171749.233842
CF_Tcu_InhCda,0,1596171749.246409
CF_Tcu_InhCda,0,1596171749.2543206
CF_Tcu_InhCda,0,1596171749.303864
CF_Tcu_InhCda,0,1596171749.353132
CF_Tcu_InhCda,0,1596171749.365005
CF_Tcu_InhCda,0,1596171749.377101
CF_Tcu_InhCda,0,1596171749.385341
CF_Tcu_InhCda,0,1596171749.406134
CF_Tcu_InhCda,0,1596171749.414208
CF_Tcu_InhCda,0,1596171749.4262881
CF_Tcu_InhCda,0,1596171749.4346082
CF_Tcu_InhCda,0,1596171749.5334668
CF_Tcu_InhCda,0,1596171749.553604
CF_Tcu_InhCda,0,1596171749.594374
CF_Tcu_InhCda,0,1596171749.693054
CF_Tcu_InhCda,0,1596171749.704983
CF_Tcu_InhCda,0,1596171749.766162
CF_Tcu_InhCda,0,1596171749.795176
CF_Tcu_InhCda,0,1596171749.803571
CF_Tcu_InhCda,0,1596171749.83581
CF_Tcu_InhCda,0,1596171749.856361
CF_Tcu_InhCda,0,1596171749.8932722
CF_Tcu_InhCda,0,1596171749.9751651
CF_Tcu_InhCda,0,1596171749.983763
CF_Tcu_InhCda,0,1596171750.0161114
CF_Tcu_InhCda,0,1596171750.024641
CF_Tcu_InhCda,0,1596171750.1144722
CF_Tcu_InhCda,0,1596171750.134894
CF_Tcu_InhCda,0,1596171750.2659311
CF_Tcu_InhCda,0,1596171750.2745109
CF_Tcu_InhCda,0,1596171750.286391
CF_Tcu_InhCda,0,1596171750.3069172
CF_Tcu_InhCda,0,1596171750.31516
CF_Tcu_InhCda,0,1596171750.323812
CF_Tcu_InhCda,0,1596171750.335572
CF_Tcu_InhCda,0,1596171750.343939
CF_Tcu_InhCda,0,1596171750.4051874
CF_Tcu_InhCda,0,1596171750.414032
CF_Tcu_InhCda,0,1596171750.4256349
CF_Tcu_InhCda,0,1596171750.434234
CF_Tcu_InhCda,0,1596171750.5736392
CF_Tcu_InhCda,0,1596171750.605937
CF_Tcu_InhCda,0,1596171750.634616
CF_Tcu_InhCda,0,1596171750.6636226
CF_Tcu_InhCda,0,1596171750.713488
CF_Tcu_InhCda,0,1596171750.724807
CF_Tcu_InhCda,0,1596171750.73695
CF_Tcu_InhCda,0,1596171750.757463
CF_Tcu_InhCda,0,1596171750.774082
CF_Tcu_InhCda,0,1596171750.884535
CF_Tcu_InhCda,0,1596171750.90501
CF_Tcu_InhCda,0,1596171750.917084
CF_Tcu_InhCda,0,1596171750.933957
CF_Tcu_InhCda,0,1596171750.983252
CF_Tcu_InhCda,0,1596171750.9953132
CF_Tcu_InhCda,0,1596171751.0036638
CF_Tcu_InhCda,0,1596171751.0155141
CF_Tcu_InhCda,0,1596171751.073376
CF_Tcu_InhCda,0,1596171751.1548278
CF_Tcu_InhCda,0,1596171751.164215
CF_Tcu_InhCda,0,1596171751.175219
CF_Tcu_InhCda,0,1596171751.187505
CF_Tcu_InhCda,0,1596171751.1959019
CF_Tcu_InhCda,0,1596171751.2043798
CF_Tcu_InhCda,0,1596171751.2162619
CF_Tcu_InhCda,0,1596171751.253474
CF_Tcu_InhCda,0,1596171751.265435
CF_Tcu_InhCda,0,1596171751.3063948
CF_Tcu_InhCda,0,1596171751.323064
CF_Tcu_InhCda,0,1596171751.334877
CF_Tcu_InhCda,0,1596171751.43355
CF_Tcu_InhCda,0,1596171751.454036
CF_Tcu_InhCda,0,1596171751.4745312
CF_Tcu_InhCda,0,1596171751.503602
CF_Tcu_InhCda,0,1596171751.5152118
CF_Tcu_InhCda,0,1596171751.523954
CF_Tcu_InhCda,0,1596171751.584757
CF_Tcu_InhCda,0,1596171751.6139472
CF_Tcu_InhCda,0,1596171751.6259134
CF_Tcu_InhCda,0,1596171751.6343038
CF_Tcu_InhCda,0,1596171751.724107
CF_Tcu_InhCda,0,1596171751.7651572
CF_Tcu_InhCda,0,1596171751.7737322
CF_Tcu_InhCda,0,1596171751.785502
CF_Tcu_InhCda,0,1596171751.794344
CF_Tcu_InhCda,0,1596171751.814584
CF_Tcu_InhCda,0,1596171751.8346274
CF_Tcu_InhCda,0,1596171751.8838851
CF_Tcu_InhCda,0,1596171752.023625
CF_Tcu_InhCda,0,1596171752.0558288
CF_Tcu_InhCda,0,1596171752.0644472
CF_Tcu_InhCda,0,1596171752.07635
CF_Tcu_InhCda,0,1596171752.163368
CF_Tcu_InhCda,0,1596171752.183125
CF_Tcu_InhCda,0,1596171752.203285
CF_Tcu_InhCda,0,1596171752.2156026
CF_Tcu_InhCda,0,1596171752.2241304
CF_Tcu_InhCda,0,1596171752.293823
CF_Tcu_InhCda,0,1596171752.30562
CF_Tcu_InhCda,0,1596171752.3138726
CF_Tcu_InhCda,0,1596171752.3641028
CF_Tcu_InhCda,0,1596171752.3753061
CF_Tcu_InhCda,0,1596171752.383919
CF_Tcu_InhCda,0,1596171752.40448
CF_Tcu_InhCda,0,1596171752.416378
CF_Tcu_InhCda,0,1596171752.424492
CF_Tcu_InhCda,0,1596171752.4534874
CF_Tcu_InhCda,0,1596171752.506428
CF_Tcu_InhCda,0,1596171752.51456
CF_Tcu_InhCda,0,1596171752.523201
CF_Tcu_InhCda,0,1596171752.613609
CF_Tcu_InhCda,0,1596171752.633933
CF_Tcu_InhCda,0,1596171752.682882
CF_Tcu_InhCda,0,1596171752.695124
CF_Tcu_InhCda,0,1596171752.715698
CF_Tcu_InhCda,0,1596171752.7241669
CF_Tcu_InhCda,0,1596171752.7356534
CF_Tcu_InhCda,0,1596171752.793198
CF_Tcu_InhCda,0,1596171752.805378
CF_Tcu_InhCda,0,1596171752.814189
CF_Tcu_InhCda,0,1596171752.8258
CF_Tcu_InhCda,0,1596171752.9243
CF_Tcu_InhCda,0,1596171752.936307
CF_Tcu_InhCda,0,1596171752.9571464
CF_Tcu_InhCda,0,1596171752.9739962
CF_Tcu_InhCda,0,1596171752.994431
CF_Tcu_InhCda,0,1596171753.1043751
CF_Tcu_InhCda,0,1596171753.125526
CF_Tcu_InhCda,0,1596171753.1659179
CF_Tcu_InhCda,0,1596171753.223632
CF_Tcu_InhCda,0,1596171753.2353866
CF_Tcu_InhCda,0,1596171753.2558382
CF_Tcu_InhCda,0,1596171753.264121
CF_Tcu_InhCda,0,1596171753.272697
CF_Tcu_InhCda,0,1596171753.284535
CF_Tcu_InhCda,0,1596171753.29709
CF_Tcu_InhCda,0,1596171753.305426
CF_Tcu_InhCda,0,1596171753.3173618
CF_Tcu_InhCda,0,1596171753.325877
CF_Tcu_InhCda,0,1596171753.3546429
CF_Tcu_InhCda,0,1596171753.363678
CF_Tcu_InhCda,0,1596171753.395297
CF_Tcu_InhCda,0,1596171753.542928
CF_Tcu_InhCda,0,1596171753.554875
CF_Tcu_InhCda,0,1596171753.567143
CF_Tcu_InhCda,0,1596171753.575536
CF_Tcu_InhCda,0,1596171753.5835874
CF_Tcu_InhCda,0,1596171753.5960472
CF_Tcu_InhCda,0,1596171753.6044931
CF_Tcu_InhCda,0,1596171753.702785
CF_Tcu_InhCda,0,1596171753.714786
CF_Tcu_InhCda,0,1596171753.726841
CF_Tcu_InhCda,0,1596171753.7352052
CF_Tcu_InhCda,0,1596171753.743396
CF_Tcu_InhCda,0,1596171753.7678864
CF_Tcu_InhCda,0,1596171753.825155
CF_Tcu_InhCda,0,1596171753.83357
CF_Tcu_InhCda,0,1596171753.866227
CF_Tcu_InhCda,0,1596171753.886713
CF_Tcu_InhCda,0,1596171753.895071
CF_Tcu_InhCda,0,1596171753.9035242
CF_Tcu_InhCda,0,1596171753.973127
CF_Tcu_InhCda,0,1596171753.985108
CF_Tcu_InhCda,0,1596171753.9936
CF_Tcu_InhCda,0,1596171754.005425
CF_Tcu_InhCda,0,1596171754.014144
CF_Tcu_InhCda,0,1596171754.0259168
CF_Tcu_InhCda,0,1596171754.0426538
CF_Tcu_InhCda,0,1596171754.165392
CF_Tcu_InhCda,0,1596171754.1738749
CF_Tcu_InhCda,0,1596171754.185608
CF_Tcu_InhCda,0,1596171754.2061212
CF_Tcu_InhCda,0,1596171754.214831
CF_Tcu_InhCda,0,1596171754.222913
CF_Tcu_InhCda,0,1596171754.243495
CF_Tcu_InhCda,0,1596171754.304477
CF_Tcu_InhCda,0,1596171754.464273
CF_Tcu_InhCda,0,1596171754.4764118
CF_Tcu_InhCda,0,1596171754.513737
CF_Tcu_InhCda,0,1596171754.582932
CF_Tcu_InhCda,0,1596171754.5954142
CF_Tcu_InhCda,0,1596171754.603939
CF_Tcu_InhCda,0,1596171754.615818
CF_Tcu_InhCda,0,1596171754.6242418
CF_Tcu_InhCda,0,1596171754.632809
CF_Tcu_InhCda,0,1596171754.644402
CF_Tcu_InhCda,0,1596171754.664942
CF_Tcu_InhCda,0,1596171754.734457
CF_Tcu_InhCda,0,1596171754.7635381
CF_Tcu_InhCda,0,1596171754.7754982
CF_Tcu_InhCda,0,1596171754.7839339
CF_Tcu_InhCda,0,1596171754.8044848
CF_Tcu_InhCda,0,1596171754.8860748
CF_Tcu_InhCda,0,1596171754.8943212
CF_Tcu_InhCda,0,1596171754.906598
CF_Tcu_InhCda,0,1596171754.9147706
CF_Tcu_InhCda,0,1596171755.033545
CF_Tcu_InhCda,0,1596171755.066266
CF_Tcu_InhCda,0,1596171755.074742
CF_Tcu_InhCda,0,1596171755.086698
CF_Tcu_InhCda,0,1596171755.103659
CF_Tcu_InhCda,0,1596171755.2342386
CF_Tcu_InhCda,0,1596171755.3244722
CF_Tcu_InhCda,0,1596171755.3534179
CF_Tcu_InhCda,0,1596171755.3653212
CF_Tcu_InhCda,0,1596171755.4025779
CF_Tcu_InhCda,0,1596171755.492703
CF_Tcu_InhCda,0,1596171755.504742
CF_Tcu_InhCda,0,1596171755.525219
CF_Tcu_InhCda,0,1596171755.594914
CF_Tcu_InhCda,0,1596171755.664313
CF_Tcu_InhCda,0,1596171755.685078
CF_Tcu_InhCda,0,1596171755.7052438
CF_Tcu_InhCda,0,1596171755.922692
CF_Tcu_InhCda,0,1596171755.9636204
CF_Tcu_InhCda,0,1596171756.0247471
CF_Tcu_InhCda,0,1596171756.0535018
CF_Tcu_InhCda,0,1596171756.1067572
CF_Tcu_InhCda,0,1596171756.1352162
CF_Tcu_InhCda,0,1596171756.225358
CF_Tcu_InhCda,0,1596171756.286756
CF_Tcu_InhCda,0,1596171756.3072262
CF_Tcu_InhCda,0,1596171756.352666
CF_Tcu_InhCda,0,1596171756.405571
CF_Tcu_InhCda,0,1596171756.426039
CF_Tcu_InhCda,0,1596171756.5041149
CF_Tcu_InhCda,0,1596171756.524394
CF_Tcu_InhCda,0,1596171756.565438
CF_Tcu_InhCda,0,1596171756.585788
CF_Tcu_InhCda,0,1596171756.606255
CF_Tcu_InhCda,0,1596171756.6553886
CF_Tcu_InhCda,0,1596171756.6840382
CF_Tcu_InhCda,0,1596171756.716785
CF_Tcu_InhCda,0,1596171756.763155
CF_Tcu_InhCda,0,1596171756.8526
CF_Tcu_InhCda,0,1596171756.8646998
CF_Tcu_InhCda,0,1596171756.905656
CF_Tcu_InhCda,0,1596171756.91417
CF_Tcu_InhCda,0,1596171756.938098
CF_Tcu_InhCda,0,1596171756.9666188
CF_Tcu_InhCda,0,1596171757.004081
CF_Tcu_InhCda,0,1596171757.015945
CF_Tcu_InhCda,0,1596171757.0244632
CF_Tcu_InhCda,0,1596171757.053099
CF_Tcu_InhCda,0,1596171757.114317
CF_Tcu_InhCda,0,1596171757.126393
CF_Tcu_InhCda,0,1596171757.15506
CF_Tcu_InhCda,0,1596171757.164216
CF_Tcu_InhCda,0,1596171757.175564
CF_Tcu_InhCda,0,1596171757.192259
CF_Tcu_InhCda,0,1596171757.2042694
CF_Tcu_InhCda,0,1596171757.236984
CF_Tcu_InhCda,0,1596171757.384413
CF_Tcu_InhCda,0,1596171757.4050298
CF_Tcu_InhCda,0,1596171757.4133642
CF_Tcu_InhCda,0,1596171757.425351
CF_Tcu_InhCda,0,1596171757.4339688
CF_Tcu_InhCda,0,1596171757.454667
CF_Tcu_InhCda,0,1596171757.4665976
CF_Tcu_InhCda,0,1596171757.475142
CF_Tcu_InhCda,0,1596171757.4832401
CF_Tcu_InhCda,0,1596171757.507334
CF_Tcu_InhCda,0,1596171757.585197
CF_Tcu_InhCda,0,1596171757.605514
CF_Tcu_InhCda,0,1596171757.622366
CF_Tcu_InhCda,0,1596171757.634327
CF_Tcu_InhCda,0,1596171757.7366688
CF_Tcu_InhCda,0,1596171757.753473
CF_Tcu_InhCda,0,1596171757.774106
CF_Tcu_InhCda,0,1596171757.802689
CF_Tcu_InhCda,0,1596171757.8640056
CF_Tcu_InhCda,0,1596171757.875982
CF_Tcu_InhCda,0,1596171757.884435
CF_Tcu_InhCda,0,1596171757.8965
CF_Tcu_InhCda,0,1596171757.9051158
CF_Tcu_InhCda,0,1596171757.9169161
CF_Tcu_InhCda,0,1596171757.945863
CF_Tcu_InhCda,0,1596171757.953784
CF_Tcu_InhCda,0,1596171757.966054
CF_Tcu_InhCda,0,1596171758.015491
CF_Tcu_InhCda,0,1596171758.0356636
CF_Tcu_InhCda,0,1596171758.056242
CF_Tcu_InhCda,0,1596171758.0766392
CF_Tcu_InhCda,0,1596171758.085115
CF_Tcu_InhCda,0,1596171758.093587
CF_Tcu_InhCda,0,1596171758.125833
CF_Tcu_InhCda,0,1596171758.364379
CF_Tcu_InhCda,0,1596171758.375658
CF_Tcu_InhCda,0,1596171758.4253054
CF_Tcu_InhCda,0,1596171758.474005
CF_Tcu_InhCda,0,1596171758.486221
CF_Tcu_InhCda,0,1596171758.4954162
CF_Tcu_InhCda,0,1596171758.50677
CF_Tcu_InhCda,0,1596171758.515507
CF_Tcu_InhCda,0,1596171758.564183
CF_Tcu_InhCda,0,1596171758.5933874
CF_Tcu_InhCda,0,1596171758.605001
CF_Tcu_InhCda,0,1596171758.613642
CF_Tcu_InhCda,0,1596171758.65414
CF_Tcu_InhCda,0,1596171758.66344
CF_Tcu_InhCda,0,1596171758.6747706
CF_Tcu_InhCda,0,1596171758.695497
CF_Tcu_InhCda,0,1596171758.7126892
CF_Tcu_InhCda,0,1596171758.727992
CF_Tcu_InhCda,0,1596171758.7851489
CF_Tcu_InhCda,0,1596171758.794152
CF_Tcu_InhCda,0,1596171758.8057542
CF_Tcu_InhCda,0,1596171758.9165142
CF_Tcu_InhCda,0,1596171758.936766
CF_Tcu_InhCda,0,1596171758.953585
CF_Tcu_InhCda,0,1596171758.965547
CF_Tcu_InhCda,0,1596171758.97412
CF_Tcu_InhCda,0,1596171758.985933
CF_Tcu_InhCda,0,1596171759.026811
CF_Tcu_InhCda,0,1596171759.0555258
CF_Tcu_InhCda,0,1596171759.0638876
CF_Tcu_InhCda,0,1596171759.153894
CF_Tcu_InhCda,0,1596171759.2356892
CF_Tcu_InhCda,0,1596171759.256284
CF_Tcu_InhCda,0,1596171759.375024
CF_Tcu_InhCda,0,1596171759.38391
CF_Tcu_InhCda,0,1596171759.3958259
CF_Tcu_InhCda,0,1596171759.404011
CF_Tcu_InhCda,0,1596171759.4939141
CF_Tcu_InhCda,0,1596171759.5144029
CF_Tcu_InhCda,0,1596171759.535178
CF_Tcu_InhCda,0,1596171759.5552378
CF_Tcu_InhCda,0,1596171759.564266
CF_Tcu_InhCda,0,1596171759.575818
CF_Tcu_InhCda,0,1596171759.584245
CF_Tcu_InhCda,0,1596171759.6167312
CF_Tcu_InhCda,0,1596171759.6657972
CF_Tcu_InhCda,0,1596171759.6740599
CF_Tcu_InhCda,0,1596171759.682602
CF_Tcu_InhCda,0,1596171759.694688
CF_Tcu_InhCda,0,1596171759.7032056
CF_Tcu_InhCda,0,1596171759.735462
CF_Tcu_InhCda,0,1596171759.752352
CF_Tcu_InhCda,0,1596171759.8255491
CF_Tcu_InhCda,0,1596171759.834101
CF_Tcu_InhCda,0,1596171759.8583794
CF_Tcu_InhCda,0,1596171759.866441
CF_Tcu_InhCda,0,1596171759.8870149
CF_Tcu_InhCda,0,1596171759.895442
CF_Tcu_InhCda,0,1596171759.9941812
CF_Tcu_InhCda,0,1596171760.005764
CF_Tcu_InhCda,0,1596171760.1045609
CF_Tcu_InhCda,0,1596171760.11626
CF_Tcu_InhCda,0,1596171760.124846
CF_Tcu_InhCda,0,1596171760.2149901
CF_Tcu_InhCda,0,1596171760.23505
CF_Tcu_InhCda,0,1596171760.272469
CF_Tcu_InhCda,0,1596171760.296672
CF_Tcu_InhCda,0,1596171760.3341582
CF_Tcu_InhCda,0,1596171760.403583
CF_Tcu_InhCda,0,1596171760.4240909
CF_Tcu_InhCda,0,1596171760.435766
CF_Tcu_InhCda,0,1596171760.4563801
CF_Tcu_InhCda,0,1596171760.464973
CF_Tcu_InhCda,0,1596171760.485425
CF_Tcu_InhCda,0,1596171760.5140831
CF_Tcu_InhCda,0,1596171760.55483
CF_Tcu_InhCda,0,1596171760.5633972
CF_Tcu_InhCda,0,1596171760.57509
CF_Tcu_InhCda,0,1596171760.706198
CF_Tcu_InhCda,0,1596171760.7675476
CF_Tcu_InhCda,0,1596171760.854021
CF_Tcu_InhCda,0,1596171760.8658528
CF_Tcu_InhCda,0,1596171760.874206
CF_Tcu_InhCda,0,1596171760.886379
CF_Tcu_InhCda,0,1596171760.8954966
CF_Tcu_InhCda,0,1596171760.943836
CF_Tcu_InhCda,0,1596171760.984725
CF_Tcu_InhCda,0,1596171760.993218
CF_Tcu_InhCda,0,1596171761.01381
CF_Tcu_InhCda,0,1596171761.0342348
CF_Tcu_InhCda,0,1596171761.058315
CF_Tcu_InhCda,0,1596171761.0632439
CF_Tcu_InhCda,0,1596171761.074791
CF_Tcu_InhCda,0,1596171761.103866
CF_Tcu_InhCda,0,1596171761.156647
CF_Tcu_InhCda,0,1596171761.1651769
CF_Tcu_InhCda,0,1596171761.1854222
CF_Tcu_InhCda,0,1596171761.194159
CF_Tcu_InhCda,0,1596171761.275432
CF_Tcu_InhCda,0,1596171761.304214
CF_Tcu_InhCda,0,1596171761.3163068
CF_Tcu_InhCda,0,1596171761.324717
CF_Tcu_InhCda,0,1596171761.336809
CF_Tcu_InhCda,0,1596171761.357383
CF_Tcu_InhCda,0,1596171761.3654811
CF_Tcu_InhCda,0,1596171761.3738296
CF_Tcu_InhCda,0,1596171761.435123
CF_Tcu_InhCda,0,1596171761.4434938
CF_Tcu_InhCda,0,1596171761.542119
CF_Tcu_InhCda,0,1596171761.5540512
CF_Tcu_InhCda,0,1596171761.6358466
CF_Tcu_InhCda,0,1596171761.754735
CF_Tcu_InhCda,0,1596171761.7637599
CF_Tcu_InhCda,0,1596171761.775222
CF_Tcu_InhCda,0,1596171761.7837539
CF_Tcu_InhCda,0,1596171761.8820179
CF_Tcu_InhCda,0,1596171761.9232278
CF_Tcu_InhCda,0,1596171761.9349608
CF_Tcu_InhCda,0,1596171761.955729
CF_Tcu_InhCda,0,1596171761.9637358
CF_Tcu_InhCda,0,1596171761.9721394
CF_Tcu_InhCda,0,1596171762.014048
CF_Tcu_InhCda,0,1596171762.0540369
CF_Tcu_InhCda,0,1596171762.0830786
CF_Tcu_InhCda,0,1596171762.0949938
CF_Tcu_InhCda,0,1596171762.1933448
CF_Tcu_InhCda,0,1596171762.2053068
CF_Tcu_InhCda,0,1596171762.217404
CF_Tcu_InhCda,0,1596171762.233995
CF_Tcu_InhCda,0,1596171762.254853
CF_Tcu_InhCda,0,1596171762.266718
CF_Tcu_InhCda,0,1596171762.274884
CF_Tcu_InhCda,0,1596171762.36511
CF_Tcu_InhCda,0,1596171762.496185
CF_Tcu_InhCda,0,1596171762.504761
CF_Tcu_InhCda,0,1596171762.533227
CF_Tcu_InhCda,0,1596171762.594571
CF_Tcu_InhCda,0,1596171762.603029
CF_Tcu_InhCda,0,1596171762.655853
CF_Tcu_InhCda,0,1596171762.6644151
CF_Tcu_InhCda,0,1596171762.676217
CF_Tcu_InhCda,0,1596171762.6967838
CF_Tcu_InhCda,0,1596171762.7541518
CF_Tcu_InhCda,0,1596171762.815588
CF_Tcu_InhCda,0,1596171762.824003
CF_Tcu_InhCda,0,1596171762.835982
CF_Tcu_InhCda,0,1596171762.8565726
CF_Tcu_InhCda,0,1596171762.864707
CF_Tcu_InhCda,0,1596171763.094194
CF_Tcu_InhCda,0,1596171763.106435
CF_Tcu_InhCda,0,1596171763.1151311
CF_Tcu_InhCda,0,1596171763.1354802
CF_Tcu_InhCda,0,1596171763.155436
CF_Tcu_InhCda,0,1596171763.254182
CF_Tcu_InhCda,0,1596171763.4052439
CF_Tcu_InhCda,0,1596171763.5773351
CF_Tcu_InhCda,0,1596171763.634687
CF_Tcu_InhCda,0,1596171763.675603
CF_Tcu_InhCda,0,1596171763.692446
CF_Tcu_InhCda,0,1596171763.7133882
CF_Tcu_InhCda,0,1596171763.733804
CF_Tcu_InhCda,0,1596171763.754004
CF_Tcu_InhCda,0,1596171763.794789
CF_Tcu_InhCda,0,1596171763.814914
CF_Tcu_InhCda,0,1596171763.8236132
CF_Tcu_InhCda,0,1596171763.83538
CF_Tcu_InhCda,0,1596171763.921869
CF_Tcu_InhCda,0,1596171763.974609
CF_Tcu_InhCda,0,1596171763.995424
CF_Tcu_InhCda,0,1596171764.015666
CF_Tcu_InhCda,0,1596171764.31458
CF_Tcu_InhCda,0,1596171764.334977
CF_Tcu_InhCda,0,1596171764.355896
CF_Tcu_InhCda,0,1596171764.396762
CF_Tcu_InhCda,0,1596171764.433746
CF_Tcu_InhCda,0,1596171764.454155
CF_Tcu_InhCda,0,1596171764.474848
CF_Tcu_InhCda,0,1596171764.52401
CF_Tcu_InhCda,0,1596171764.593882
CF_Tcu_InhCda,0,1596171764.614225
CF_Tcu_InhCda,0,1596171764.634399
CF_Tcu_InhCda,0,1596171764.654572
CF_Tcu_InhCda,0,1596171764.724174
CF_Tcu_InhCda,0,1596171764.732682
CF_Tcu_InhCda,0,1596171764.7569768
CF_Tcu_InhCda,0,1596171764.773797
CF_Tcu_InhCda,0,1596171764.8023689
CF_Tcu_InhCda,0,1596171764.834749
CF_Tcu_InhCda,0,1596171764.8963466
CF_Tcu_InhCda,0,1596171764.904733
CF_Tcu_InhCda,0,1596171764.965783
CF_Tcu_InhCda,0,1596171764.9957552
CF_Tcu_InhCda,0,1596171765.055989
CF_Tcu_InhCda,0,1596171765.064529
CF_Tcu_InhCda,0,1596171765.0763302
CF_Tcu_InhCda,0,1596171765.1049652
CF_Tcu_InhCda,0,1596171765.195543
CF_Tcu_InhCda,0,1596171765.215786
CF_Tcu_InhCda,0,1596171765.224279
CF_Tcu_InhCda,0,1596171765.2361279
CF_Tcu_InhCda,0,1596171765.256841
CF_Tcu_InhCda,0,1596171765.326159
CF_Tcu_InhCda,0,1596171765.33459
CF_Tcu_InhCda,0,1596171765.413516
CF_Tcu_InhCda,0,1596171765.4823492
CF_Tcu_InhCda,0,1596171765.515054
CF_Tcu_InhCda,0,1596171765.526986
CF_Tcu_InhCda,0,1596171765.535541
CF_Tcu_InhCda,0,1596171765.555649
CF_Tcu_InhCda,0,1596171765.5848794
CF_Tcu_InhCda,0,1596171765.633868
CF_Tcu_InhCda,0,1596171765.654387
CF_Tcu_InhCda,0,1596171765.6662939
CF_Tcu_InhCda,0,1596171765.674423
CF_Tcu_InhCda,0,1596171765.793556
CF_Tcu_InhCda,0,1596171765.932987
CF_Tcu_InhCda,0,1596171765.95692
CF_Tcu_InhCda,0,1596171765.9652052
CF_Tcu_InhCda,0,1596171765.973979
CF_Tcu_InhCda,0,1596171766.034807
CF_Tcu_InhCda,0,1596171766.064036
CF_Tcu_InhCda,0,1596171766.07574
CF_Tcu_InhCda,0,1596171766.0843258
CF_Tcu_InhCda,0,1596171766.0965981
CF_Tcu_InhCda,0,1596171766.1047359
CF_Tcu_InhCda,0,1596171766.1166432
CF_Tcu_InhCda,0,1596171766.1251938
CF_Tcu_InhCda,0,1596171766.137224
CF_Tcu_InhCda,0,1596171766.153936
CF_Tcu_InhCda,0,1596171766.1947782
CF_Tcu_InhCda,0,1596171766.215128
CF_Tcu_InhCda,0,1596171766.223734
CF_Tcu_InhCda,0,1596171766.235452
CF_Tcu_InhCda,0,1596171766.255991
CF_Tcu_InhCda,0,1596171766.3051062
CF_Tcu_InhCda,0,1596171766.313405
CF_Tcu_InhCda,0,1596171766.395416
CF_Tcu_InhCda,0,1596171766.407439
CF_Tcu_InhCda,0,1596171766.41571
CF_Tcu_InhCda,0,1596171766.423983
CF_Tcu_InhCda,0,1596171766.4362106
CF_Tcu_InhCda,0,1596171766.5059009
CF_Tcu_InhCda,0,1596171766.5550098
CF_Tcu_InhCda,0,1596171766.563633
CF_Tcu_InhCda,0,1596171766.596201
CF_Tcu_InhCda,0,1596171766.6245706
CF_Tcu_InhCda,0,1596171766.633225
CF_Tcu_InhCda,0,1596171766.665619
CF_Tcu_InhCda,0,1596171766.723447
CF_Tcu_InhCda,0,1596171766.752324
CF_Tcu_InhCda,0,1596171766.7639189
CF_Tcu_InhCda,0,1596171766.8339386
CF_Tcu_InhCda,0,1596171766.8633876
CF_Tcu_InhCda,0,1596171766.874615
CF_Tcu_InhCda,0,1596171766.9031649
CF_Tcu_InhCda,0,1596171766.9937189
CF_Tcu_InhCda,0,1596171767.005558
CF_Tcu_InhCda,0,1596171767.014156
CF_Tcu_InhCda,0,1596171767.0260339
CF_Tcu_InhCda,0,1596171767.034216
CF_Tcu_InhCda,0,1596171767.283995
CF_Tcu_InhCda,0,1596171767.296351
CF_Tcu_InhCda,0,1596171767.304561
CF_Tcu_InhCda,0,1596171767.337217
CF_Tcu_InhCda,0,1596171767.3536868
CF_Tcu_InhCda,0,1596171767.374222
CF_Tcu_InhCda,0,1596171767.415175
CF_Tcu_InhCda,0,1596171767.4241471
CF_Tcu_InhCda,0,1596171767.435581
CF_Tcu_InhCda,0,1596171767.456082
CF_Tcu_InhCda,0,1596171767.464802
CF_Tcu_InhCda,0,1596171767.5834448
CF_Tcu_InhCda,0,1596171767.604042
CF_Tcu_InhCda,0,1596171767.615835
CF_Tcu_InhCda,0,1596171767.6243222
CF_Tcu_InhCda,0,1596171767.632599
CF_Tcu_InhCda,0,1596171767.7755132
CF_Tcu_InhCda,0,1596171767.8134391
CF_Tcu_InhCda,0,1596171767.885944
CF_Tcu_InhCda,0,1596171767.8945131
CF_Tcu_InhCda,0,1596171767.90659
CF_Tcu_InhCda,0,1596171767.915144
CF_Tcu_InhCda,0,1596171767.923433
CF_Tcu_InhCda,0,1596171767.935198
CF_Tcu_InhCda,0,1596171768.025334
CF_Tcu_InhCda,0,1596171768.0339134
CF_Tcu_InhCda,0,1596171768.0580812
CF_Tcu_InhCda,0,1596171768.086705
CF_Tcu_InhCda,0,1596171768.152755
CF_Tcu_InhCda,0,1596171768.1646109
CF_Tcu_InhCda,0,1596171768.2755392
CF_Tcu_InhCda,0,1596171768.313575
CF_Tcu_InhCda,0,1596171768.324425
CF_Tcu_InhCda,0,1596171768.336622
CF_Tcu_InhCda,0,1596171768.3570912
CF_Tcu_InhCda,0,1596171768.36539
CF_Tcu_InhCda,0,1596171768.3942158
CF_Tcu_InhCda,0,1596171768.4553962
CF_Tcu_InhCda,0,1596171768.463655
CF_Tcu_InhCda,0,1596171768.4758391
CF_Tcu_InhCda,0,1596171768.484184
CF_Tcu_InhCda,0,1596171768.4966538
CF_Tcu_InhCda,0,1596171768.504745
CF_Tcu_InhCda,0,1596171768.516774
CF_Tcu_InhCda,0,1596171768.525397
CF_Tcu_InhCda,0,1596171768.533601
CF_Tcu_InhCda,0,1596171768.6152759
CF_Tcu_InhCda,0,1596171768.7256632
CF_Tcu_InhCda,0,1596171768.7749212
CF_Tcu_InhCda,0,1596171768.783513
CF_Tcu_InhCda,0,1596171768.795727
CF_Tcu_InhCda,0,1596171768.815864
CF_Tcu_InhCda,0,1596171768.9141731
CF_Tcu_InhCda,0,1596171768.9228358
CF_Tcu_InhCda,0,1596171768.934727
CF_Tcu_InhCda,0,1596171768.9552279
CF_Tcu_InhCda,0,1596171768.984027
CF_Tcu_InhCda,0,1596171769.033341
CF_Tcu_InhCda,0,1596171769.0454552
CF_Tcu_InhCda,0,1596171769.053735
CF_Tcu_InhCda,0,1596171769.106805
CF_Tcu_InhCda,0,1596171769.1148481
CF_Tcu_InhCda,0,1596171769.123654
CF_Tcu_InhCda,0,1596171769.135369
CF_Tcu_InhCda,0,1596171769.1644561
CF_Tcu_InhCda,0,1596171769.1930866
CF_Tcu_InhCda,0,1596171769.204976
CF_Tcu_InhCda,0,1596171769.246208
CF_Tcu_InhCda,0,1596171769.25422
CF_Tcu_InhCda,0,1596171769.286943
CF_Tcu_InhCda,0,1596171769.352793
CF_Tcu_InhCda,0,1596171769.364856
CF_Tcu_InhCda,0,1596171769.37342
CF_Tcu_InhCda,0,1596171769.38506
CF_Tcu_InhCda,0,1596171769.393919
CF_Tcu_InhCda,0,1596171769.405704
CF_Tcu_InhCda,0,1596171769.41438
CF_Tcu_InhCda,0,1596171769.426255
CF_Tcu_InhCda,0,1596171769.434374
CF_Tcu_InhCda,0,1596171769.4669821
CF_Tcu_InhCda,0,1596171769.5244524
CF_Tcu_InhCda,0,1596171769.533097
CF_Tcu_InhCda,0,1596171769.573674
CF_Tcu_InhCda,0,1596171769.5864398
CF_Tcu_InhCda,0,1596171769.672278
CF_Tcu_InhCda,0,1596171769.6964734
CF_Tcu_InhCda,0,1596171769.7538712
CF_Tcu_InhCda,0,1596171769.766273
CF_Tcu_InhCda,0,1596171769.80347
CF_Tcu_InhCda,0,1596171769.8154788
CF_Tcu_InhCda,0,1596171769.8239589
CF_Tcu_InhCda,0,1596171769.835744
CF_Tcu_InhCda,0,1596171769.8561876
CF_Tcu_InhCda,0,1596171769.975093
CF_Tcu_InhCda,0,1596171769.9834912
CF_Tcu_InhCda,0,1596171769.9958868
CF_Tcu_InhCda,0,1596171770.0040672
CF_Tcu_InhCda,0,1596171770.0161831
CF_Tcu_InhCda,0,1596171770.0246122
CF_Tcu_InhCda,0,1596171770.0364392
CF_Tcu_InhCda,0,1596171770.065239
CF_Tcu_InhCda,0,1596171770.2657142
CF_Tcu_InhCda,0,1596171770.274673
CF_Tcu_InhCda,0,1596171770.2863288
CF_Tcu_InhCda,0,1596171770.295259
CF_Tcu_InhCda,0,1596171770.303186
CF_Tcu_InhCda,0,1596171770.315047
CF_Tcu_InhCda,0,1596171770.323701
CF_Tcu_InhCda,0,1596171770.343679
CF_Tcu_InhCda,0,1596171770.3681734
CF_Tcu_InhCda,0,1596171770.4338849
CF_Tcu_InhCda,0,1596171770.45458
CF_Tcu_InhCda,0,1596171770.5157769
CF_Tcu_InhCda,0,1596171770.556663
CF_Tcu_InhCda,0,1596171770.6139572
CF_Tcu_InhCda,0,1596171770.626205
CF_Tcu_InhCda,0,1596171770.663615
CF_Tcu_InhCda,0,1596171770.6960711
CF_Tcu_InhCda,0,1596171770.704361
CF_Tcu_InhCda,0,1596171770.733079
CF_Tcu_InhCda,0,1596171770.794324
CF_Tcu_InhCda,0,1596171770.8555386
CF_Tcu_InhCda,0,1596171770.8638194
CF_Tcu_InhCda,0,1596171770.875975
CF_Tcu_InhCda,0,1596171770.8848028
CF_Tcu_InhCda,0,1596171770.89678
CF_Tcu_InhCda,0,1596171770.905149
CF_Tcu_InhCda,0,1596171770.925184
CF_Tcu_InhCda,0,1596171770.974344
CF_Tcu_InhCda,0,1596171771.0034661
CF_Tcu_InhCda,0,1596171771.0153232
CF_Tcu_InhCda,0,1596171771.0357141
CF_Tcu_InhCda,0,1596171771.0649462
CF_Tcu_InhCda,0,1596171771.1546829
CF_Tcu_InhCda,0,1596171771.1836529
CF_Tcu_InhCda,0,1596171771.203709
CF_Tcu_InhCda,0,1596171771.2129338
CF_Tcu_InhCda,0,1596171771.2242508
CF_Tcu_InhCda,0,1596171771.306161
CF_Tcu_InhCda,0,1596171771.322943
CF_Tcu_InhCda,0,1596171771.334861
CF_Tcu_InhCda,0,1596171771.3757188
CF_Tcu_InhCda,0,1596171771.4829009
CF_Tcu_InhCda,0,1596171771.4947
CF_Tcu_InhCda,0,1596171771.50319
CF_Tcu_InhCda,0,1596171771.52741
CF_Tcu_InhCda,0,1596171771.535398
CF_Tcu_InhCda,0,1596171771.5727859
CF_Tcu_InhCda,0,1596171771.625727
CF_Tcu_InhCda,0,1596171771.683187
CF_Tcu_InhCda,0,1596171771.80592
CF_Tcu_InhCda,0,1596171771.8263614
CF_Tcu_InhCda,0,1596171771.8430786
CF_Tcu_InhCda,0,1596171771.8836849
CF_Tcu_InhCda,0,1596171771.9043539
CF_Tcu_InhCda,0,1596171771.924622
CF_Tcu_InhCda,0,1596171772.0028858
CF_Tcu_InhCda,0,1596171772.08488
CF_Tcu_InhCda,0,1596171772.183054
CF_Tcu_InhCda,0,1596171772.3837368
CF_Tcu_InhCda,0,1596171772.4043481
CF_Tcu_InhCda,0,1596171772.424294
CF_Tcu_InhCda,0,1596171772.506201
CF_Tcu_InhCda,0,1596171772.526676
CF_Tcu_InhCda,0,1596171772.584075
CF_Tcu_InhCda,0,1596171772.624864
CF_Tcu_InhCda,0,1596171772.66592
CF_Tcu_InhCda,0,1596171772.6863961
CF_Tcu_InhCda,0,1596171772.703306
CF_Tcu_InhCda,0,1596171772.715285
CF_Tcu_InhCda,0,1596171772.723399
CF_Tcu_InhCda,0,1596171772.805187
CF_Tcu_InhCda,0,1596171772.8137481
CF_Tcu_InhCda,0,1596171772.8256369
CF_Tcu_InhCda,0,1596171772.936276
CF_Tcu_InhCda,0,1596171772.973651
CF_Tcu_InhCda,0,1596171773.055056
CF_Tcu_InhCda,0,1596171773.0962741
CF_Tcu_InhCda,0,1596171773.1164954
CF_Tcu_InhCda,0,1596171773.272543
CF_Tcu_InhCda,0,1596171773.284518
CF_Tcu_InhCda,0,1596171773.296833
CF_Tcu_InhCda,0,1596171773.305218
CF_Tcu_InhCda,0,1596171773.317164
CF_Tcu_InhCda,0,1596171773.354414
CF_Tcu_InhCda,0,1596171773.465236
CF_Tcu_InhCda,0,1596171773.484921
CF_Tcu_InhCda,0,1596171773.493335
CF_Tcu_InhCda,0,1596171773.5669198
CF_Tcu_InhCda,0,1596171773.5751991
CF_Tcu_InhCda,0,1596171773.58746
CF_Tcu_InhCda,0,1596171773.5958471
CF_Tcu_InhCda,0,1596171773.60393
CF_Tcu_InhCda,0,1596171773.616074
CF_Tcu_InhCda,0,1596171773.71454
CF_Tcu_InhCda,0,1596171773.734891
CF_Tcu_InhCda,0,1596171773.865978
CF_Tcu_InhCda,0,1596171773.886424
CF_Tcu_InhCda,0,1596171773.8954961
CF_Tcu_InhCda,0,1596171773.903358
CF_Tcu_InhCda,0,1596171773.915251
CF_Tcu_InhCda,0,1596171774.013824
CF_Tcu_InhCda,0,1596171774.0257092
CF_Tcu_InhCda,0,1596171774.0666971
CF_Tcu_InhCda,0,1596171774.095476
CF_Tcu_InhCda,0,1596171774.1531909
CF_Tcu_InhCda,0,1596171774.165091
CF_Tcu_InhCda,0,1596171774.173627
CF_Tcu_InhCda,0,1596171774.185499
CF_Tcu_InhCda,0,1596171774.1976929
CF_Tcu_InhCda,0,1596171774.202382
CF_Tcu_InhCda,0,1596171774.21415
CF_Tcu_InhCda,0,1596171774.296248
CF_Tcu_InhCda,0,1596171774.3165162
CF_Tcu_InhCda,0,1596171774.3252099
CF_Tcu_InhCda,0,1596171774.4557369
CF_Tcu_InhCda,0,1596171774.4643898
CF_Tcu_InhCda,0,1596171774.583071
CF_Tcu_InhCda,0,1596171774.595338
CF_Tcu_InhCda,0,1596171774.6036546
CF_Tcu_InhCda,0,1596171774.6156318
CF_Tcu_InhCda,0,1596171774.62779
CF_Tcu_InhCda,0,1596171774.632336
CF_Tcu_InhCda,0,1596171774.665266
CF_Tcu_InhCda,0,1596171774.754857
CF_Tcu_InhCda,0,1596171774.783798
CF_Tcu_InhCda,0,1596171774.796118
CF_Tcu_InhCda,0,1596171774.803912
CF_Tcu_InhCda,0,1596171774.8164556
CF_Tcu_InhCda,0,1596171774.8243911
CF_Tcu_InhCda,0,1596171774.833013
CF_Tcu_InhCda,0,1596171774.88581
CF_Tcu_InhCda,0,1596171774.8942258
CF_Tcu_InhCda,0,1596171774.9063349
CF_Tcu_InhCda,0,1596171775.054234
CF_Tcu_InhCda,0,1596171775.066332
CF_Tcu_InhCda,0,1596171775.08655
CF_Tcu_InhCda,0,1596171775.0953948
CF_Tcu_InhCda,0,1596171775.103431
CF_Tcu_InhCda,0,1596171775.115484
CF_Tcu_InhCda,0,1596171775.123585
CF_Tcu_InhCda,0,1596171775.164417
CF_Tcu_InhCda,0,1596171775.184911
CF_Tcu_InhCda,0,1596171775.2053306
CF_Tcu_InhCda,0,1596171775.213973
CF_Tcu_InhCda,0,1596171775.225869
CF_Tcu_InhCda,0,1596171775.3241448
CF_Tcu_InhCda,0,1596171775.406108
CF_Tcu_InhCda,0,1596171775.463986
CF_Tcu_InhCda,0,1596171775.50486
CF_Tcu_InhCda,0,1596171775.516595
CF_Tcu_InhCda,0,1596171775.524801
CF_Tcu_InhCda,0,1596171775.5739489
CF_Tcu_InhCda,0,1596171775.635325
CF_Tcu_InhCda,0,1596171775.6558988
CF_Tcu_InhCda,0,1596171775.6968386
CF_Tcu_InhCda,0,1596171775.705056
CF_Tcu_InhCda,0,1596171775.7136698
CF_Tcu_InhCda,0,1596171775.746124
CF_Tcu_InhCda,0,1596171775.763412
CF_Tcu_InhCda,0,1596171775.783201
CF_Tcu_InhCda,0,1596171775.815665
CF_Tcu_InhCda,0,1596171775.8938038
CF_Tcu_InhCda,0,1596171775.9342778
CF_Tcu_InhCda,0,1596171775.955217
CF_Tcu_InhCda,0,1596171775.967102
CF_Tcu_InhCda,0,1596171775.9838018
CF_Tcu_InhCda,0,1596171775.9961338
CF_Tcu_InhCda,0,1596171776.0452142
CF_Tcu_InhCda,0,1596171776.0942314
CF_Tcu_InhCda,0,1596171776.106387
CF_Tcu_InhCda,0,1596171776.1268966
CF_Tcu_InhCda,0,1596171776.1555538
CF_Tcu_InhCda,0,1596171776.175987
CF_Tcu_InhCda,0,1596171776.2832134
CF_Tcu_InhCda,0,1596171776.294996
CF_Tcu_InhCda,0,1596171776.307034
CF_Tcu_InhCda,0,1596171776.3156471
CF_Tcu_InhCda,0,1596171776.3731358
CF_Tcu_InhCda,0,1596171776.3848374
CF_Tcu_InhCda,0,1596171776.3936071
CF_Tcu_InhCda,0,1596171776.405364
CF_Tcu_InhCda,0,1596171776.4139476
CF_Tcu_InhCda,0,1596171776.454536
CF_Tcu_InhCda,0,1596171776.536428
CF_Tcu_InhCda,0,1596171776.5533302
CF_Tcu_InhCda,0,1596171776.565362
CF_Tcu_InhCda,0,1596171776.573941
CF_Tcu_InhCda,0,1596171776.585705
CF_Tcu_InhCda,0,1596171776.59386
CF_Tcu_InhCda,0,1596171776.606145
CF_Tcu_InhCda,0,1596171776.7044349
CF_Tcu_InhCda,0,1596171776.7166722
CF_Tcu_InhCda,0,1596171776.7252471
CF_Tcu_InhCda,0,1596171776.733202
CF_Tcu_InhCda,0,1596171776.7575788
CF_Tcu_InhCda,0,1596171776.7826269
CF_Tcu_InhCda,0,1596171776.835419
CF_Tcu_InhCda,0,1596171776.8642206
CF_Tcu_InhCda,0,1596171776.983613
CF_Tcu_InhCda,0,1596171776.9954689
CF_Tcu_InhCda,0,1596171777.004096
CF_Tcu_InhCda,0,1596171777.015724
CF_Tcu_InhCda,0,1596171777.036149
CF_Tcu_InhCda,0,1596171777.044631
CF_Tcu_InhCda,0,1596171777.052992
CF_Tcu_InhCda,0,1596171777.085293
CF_Tcu_InhCda,0,1596171777.15496
CF_Tcu_InhCda,0,1596171777.163462
CF_Tcu_InhCda,0,1596171777.1876009
CF_Tcu_InhCda,0,1596171777.196667
CF_Tcu_InhCda,0,1596171777.204161
CF_Tcu_InhCda,0,1596171777.3642359
CF_Tcu_InhCda,0,1596171777.425236
CF_Tcu_InhCda,0,1596171777.43365
CF_Tcu_InhCda,0,1596171777.463104
CF_Tcu_InhCda,0,1596171777.474411
CF_Tcu_InhCda,0,1596171777.486635
CF_Tcu_InhCda,0,1596171777.495837
CF_Tcu_InhCda,0,1596171777.5036669
CF_Tcu_InhCda,0,1596171777.552741
CF_Tcu_InhCda,0,1596171777.5938518
CF_Tcu_InhCda,0,1596171777.605568
CF_Tcu_InhCda,0,1596171777.622261
CF_Tcu_InhCda,0,1596171777.634202
CF_Tcu_InhCda,0,1596171777.7243
CF_Tcu_InhCda,0,1596171777.736444
CF_Tcu_InhCda,0,1596171777.793984
CF_Tcu_InhCda,0,1596171777.806082
CF_Tcu_InhCda,0,1596171777.834846
CF_Tcu_InhCda,0,1596171777.8841438
CF_Tcu_InhCda,0,1596171777.896637
CF_Tcu_InhCda,0,1596171777.904927
CF_Tcu_InhCda,0,1596171777.916801
CF_Tcu_InhCda,0,1596171777.925293
CF_Tcu_InhCda,0,1596171777.941656
CF_Tcu_InhCda,0,1596171777.974199
CF_Tcu_InhCda,0,1596171778.015153
CF_Tcu_InhCda,0,1596171778.035467
CF_Tcu_InhCda,0,1596171778.055995
CF_Tcu_InhCda,0,1596171778.0646849
CF_Tcu_InhCda,0,1596171778.076407
CF_Tcu_InhCda,0,1596171778.0848188
CF_Tcu_InhCda,0,1596171778.096872
CF_Tcu_InhCda,0,1596171778.113698
CF_Tcu_InhCda,0,1596171778.125646
CF_Tcu_InhCda,0,1596171778.13419
CF_Tcu_InhCda,0,1596171778.15425
CF_Tcu_InhCda,0,1596171778.1630762
CF_Tcu_InhCda,0,1596171778.183006
CF_Tcu_InhCda,0,1596171778.203776
CF_Tcu_InhCda,0,1596171778.334578
CF_Tcu_InhCda,0,1596171778.355082
CF_Tcu_InhCda,0,1596171778.3754768
CF_Tcu_InhCda,0,1596171778.3839848
CF_Tcu_InhCda,0,1596171778.4945412
CF_Tcu_InhCda,0,1596171778.506593
CF_Tcu_InhCda,0,1596171778.527045
CF_Tcu_InhCda,0,1596171778.625283
CF_Tcu_InhCda,0,1596171778.674476
CF_Tcu_InhCda,0,1596171778.686694
CF_Tcu_InhCda,0,1596171778.70327
CF_Tcu_InhCda,0,1596171778.7359302
CF_Tcu_InhCda,0,1596171778.756398
CF_Tcu_InhCda,0,1596171778.7937331
CF_Tcu_InhCda,0,1596171778.805574
CF_Tcu_InhCda,0,1596171778.814177
CF_Tcu_InhCda,0,1596171778.855108
CF_Tcu_InhCda,0,1596171778.953391
CF_Tcu_InhCda,0,1596171778.965327
CF_Tcu_InhCda,0,1596171778.973852
CF_Tcu_InhCda,0,1596171778.998101
CF_Tcu_InhCda,0,1596171779.043652
CF_Tcu_InhCda,0,1596171779.092708
CF_Tcu_InhCda,0,1596171779.104599
CF_Tcu_InhCda,0,1596171779.116759
CF_Tcu_InhCda,0,1596171779.1456661
CF_Tcu_InhCda,0,1596171779.215268
CF_Tcu_InhCda,0,1596171779.2236931
CF_Tcu_InhCda,0,1596171779.23557
CF_Tcu_InhCda,0,1596171779.395586
CF_Tcu_InhCda,0,1596171779.4160151
CF_Tcu_InhCda,0,1596171779.464951
CF_Tcu_InhCda,0,1596171779.5755851
CF_Tcu_InhCda,0,1596171779.596208
CF_Tcu_InhCda,0,1596171779.604337
CF_Tcu_InhCda,0,1596171779.6370294
CF_Tcu_InhCda,0,1596171779.67415
CF_Tcu_InhCda,0,1596171779.694537
CF_Tcu_InhCda,0,1596171779.743553
CF_Tcu_InhCda,0,1596171779.8254056
CF_Tcu_InhCda,0,1596171779.833876
CF_Tcu_InhCda,0,1596171779.8545651
CF_Tcu_InhCda,0,1596171779.874608
CF_Tcu_InhCda,0,1596171779.895414
CF_Tcu_InhCda,0,1596171779.915638
CF_Tcu_InhCda,0,1596171779.997347
CF_Tcu_InhCda,0,1596171780.002008
CF_Tcu_InhCda,0,1596171780.01391
CF_Tcu_InhCda,0,1596171780.112706
CF_Tcu_InhCda,0,1596171780.124362
CF_Tcu_InhCda,0,1596171780.132934
CF_Tcu_InhCda,0,1596171780.1951132
CF_Tcu_InhCda,0,1596171780.202625
CF_Tcu_InhCda,0,1596171780.2234418
CF_Tcu_InhCda,0,1596171780.275936
CF_Tcu_InhCda,0,1596171780.2964976
CF_Tcu_InhCda,0,1596171780.435603
CF_Tcu_InhCda,0,1596171780.4561641
CF_Tcu_InhCda,0,1596171780.476722
CF_Tcu_InhCda,0,1596171780.493446
CF_Tcu_InhCda,0,1596171780.5543866
CF_Tcu_InhCda,0,1596171780.60364
CF_Tcu_InhCda,0,1596171780.6938038
CF_Tcu_InhCda,0,1596171780.7756126
CF_Tcu_InhCda,0,1596171780.882622
CF_Tcu_InhCda,0,1596171780.90308
CF_Tcu_InhCda,0,1596171780.9931562
CF_Tcu_InhCda,0,1596171781.005025
CF_Tcu_InhCda,0,1596171781.042346
CF_Tcu_InhCda,0,1596171781.0543628
CF_Tcu_InhCda,0,1596171781.0746882
CF_Tcu_InhCda,0,1596171781.0868614
CF_Tcu_InhCda,0,1596171781.0961149
CF_Tcu_InhCda,0,1596171781.124334
CF_Tcu_InhCda,0,1596171781.185251
CF_Tcu_InhCda,0,1596171781.1934268
CF_Tcu_InhCda,0,1596171781.214262
CF_Tcu_InhCda,0,1596171781.316274
CF_Tcu_InhCda,0,1596171781.324805
CF_Tcu_InhCda,0,1596171781.365803
CF_Tcu_InhCda,0,1596171781.374161
CF_Tcu_InhCda,0,1596171781.385869
CF_Tcu_InhCda,0,1596171781.3947024
CF_Tcu_InhCda,0,1596171781.4233332
CF_Tcu_InhCda,0,1596171781.484476
CF_Tcu_InhCda,0,1596171781.5538
CF_Tcu_InhCda,0,1596171781.644053
CF_Tcu_InhCda,0,1596171781.656224
CF_Tcu_InhCda,0,1596171781.6848562
CF_Tcu_InhCda,0,1596171781.713845
CF_Tcu_InhCda,0,1596171781.725788
CF_Tcu_InhCda,0,1596171781.766795
CF_Tcu_InhCda,0,1596171781.795836
CF_Tcu_InhCda,0,1596171781.804065
CF_Tcu_InhCda,0,1596171781.8160052
CF_Tcu_InhCda,0,1596171781.853235
CF_Tcu_InhCda,0,1596171781.893913
CF_Tcu_InhCda,0,1596171781.934645
CF_Tcu_InhCda,0,1596171781.9552908
CF_Tcu_InhCda,0,1596171781.967391
CF_Tcu_InhCda,0,1596171781.97559
CF_Tcu_InhCda,0,1596171781.9840472
CF_Tcu_InhCda,0,1596171782.025161
CF_Tcu_InhCda,0,1596171782.1149778
CF_Tcu_InhCda,0,1596171782.1521864
CF_Tcu_InhCda,0,1596171782.213432
CF_Tcu_InhCda,0,1596171782.225505
CF_Tcu_InhCda,0,1596171782.234036
CF_Tcu_InhCda,0,1596171782.2547
CF_Tcu_InhCda,0,1596171782.266551
CF_Tcu_InhCda,0,1596171782.274724
CF_Tcu_InhCda,0,1596171782.283167
CF_Tcu_InhCda,0,1596171782.29554
CF_Tcu_InhCda,0,1596171782.3156712
CF_Tcu_InhCda,0,1596171782.356671
CF_Tcu_InhCda,0,1596171782.3734634
CF_Tcu_InhCda,0,1596171782.385184
CF_Tcu_InhCda,0,1596171782.3942974
CF_Tcu_InhCda,0,1596171782.4430099
CF_Tcu_InhCda,0,1596171782.5331352
CF_Tcu_InhCda,0,1596171782.553709
CF_Tcu_InhCda,0,1596171782.5740216
CF_Tcu_InhCda,0,1596171782.5859706
CF_Tcu_InhCda,0,1596171782.602953
CF_Tcu_InhCda,0,1596171782.655587
CF_Tcu_InhCda,0,1596171782.663942
CF_Tcu_InhCda,0,1596171782.675992
CF_Tcu_InhCda,0,1596171782.6848376
CF_Tcu_InhCda,0,1596171782.696752
CF_Tcu_InhCda,0,1596171782.7047698
CF_Tcu_InhCda,0,1596171782.742025
CF_Tcu_InhCda,0,1596171782.8356466
CF_Tcu_InhCda,0,1596171782.8646169
CF_Tcu_InhCda,0,1596171782.8732226
CF_Tcu_InhCda,0,1596171782.884992
CF_Tcu_InhCda,0,1596171783.028251
CF_Tcu_InhCda,0,1596171783.093927
CF_Tcu_InhCda,0,1596171783.106145
CF_Tcu_InhCda,0,1596171783.126527
CF_Tcu_InhCda,0,1596171783.1348748
CF_Tcu_InhCda,0,1596171783.233528
CF_Tcu_InhCda,0,1596171783.282706
CF_Tcu_InhCda,0,1596171783.2948658
CF_Tcu_InhCda,0,1596171783.3068302
CF_Tcu_InhCda,0,1596171783.425497
CF_Tcu_InhCda,0,1596171783.4547358
CF_Tcu_InhCda,0,1596171783.4665198
CF_Tcu_InhCda,0,1596171783.4752266
CF_Tcu_InhCda,0,1596171783.4829302
CF_Tcu_InhCda,0,1596171783.49534
CF_Tcu_InhCda,0,1596171783.5242472
CF_Tcu_InhCda,0,1596171783.5736508
CF_Tcu_InhCda,0,1596171783.5853162
CF_Tcu_InhCda,0,1596171783.594347
CF_Tcu_InhCda,0,1596171783.6344874
CF_Tcu_InhCda,0,1596171783.7246554
CF_Tcu_InhCda,0,1596171783.765569
CF_Tcu_InhCda,0,1596171783.7741454
CF_Tcu_InhCda,0,1596171783.786052
CF_Tcu_InhCda,0,1596171783.8760948
CF_Tcu_InhCda,0,1596171783.89663
CF_Tcu_InhCda,0,1596171783.905185
CF_Tcu_InhCda,0,1596171783.9134948
CF_Tcu_InhCda,0,1596171784.0240018
CF_Tcu_InhCda,0,1596171784.125993
CF_Tcu_InhCda,0,1596171784.1961658
CF_Tcu_InhCda,0,1596171784.314471
CF_Tcu_InhCda,0,1596171784.334812
CF_Tcu_InhCda,0,1596171784.355469
CF_Tcu_InhCda,0,1596171784.375832
CF_Tcu_InhCda,0,1596171784.3840554
CF_Tcu_InhCda,0,1596171784.465871
CF_Tcu_InhCda,0,1596171784.625643
CF_Tcu_InhCda,0,1596171784.633882
CF_Tcu_InhCda,0,1596171784.683671
CF_Tcu_InhCda,0,1596171784.765003
CF_Tcu_InhCda,0,1596171784.7820358
CF_Tcu_InhCda,0,1596171784.793857
CF_Tcu_InhCda,0,1596171784.805941
CF_Tcu_InhCda,0,1596171784.83453
CF_Tcu_InhCda,0,1596171784.8837152
CF_Tcu_InhCda,0,1596171784.8960538
CF_Tcu_InhCda,0,1596171784.9246619
CF_Tcu_InhCda,0,1596171784.9533818
CF_Tcu_InhCda,0,1596171784.9741411
CF_Tcu_InhCda,0,1596171785.014869
CF_Tcu_InhCda,0,1596171785.055868
CF_Tcu_InhCda,0,1596171785.07617
CF_Tcu_InhCda,0,1596171785.0848482
CF_Tcu_InhCda,0,1596171785.096761
CF_Tcu_InhCda,0,1596171785.105258
CF_Tcu_InhCda,0,1596171785.2156851
CF_Tcu_InhCda,0,1596171785.223722
CF_Tcu_InhCda,0,1596171785.2358801
CF_Tcu_InhCda,0,1596171785.2565038
CF_Tcu_InhCda,0,1596171785.264631
CF_Tcu_InhCda,0,1596171785.273315
CF_Tcu_InhCda,0,1596171785.2850912
CF_Tcu_InhCda,0,1596171785.314018
CF_Tcu_InhCda,0,1596171785.334347
CF_Tcu_InhCda,0,1596171785.342835
CF_Tcu_InhCda,0,1596171785.354691
CF_Tcu_InhCda,0,1596171785.523378
CF_Tcu_InhCda,0,1596171785.534975
CF_Tcu_InhCda,0,1596171785.616817
CF_Tcu_InhCda,0,1596171785.6249988
CF_Tcu_InhCda,0,1596171785.663061
CF_Tcu_InhCda,0,1596171785.683027
CF_Tcu_InhCda,0,1596171785.695082
CF_Tcu_InhCda,0,1596171785.7032301
CF_Tcu_InhCda,0,1596171785.73565
CF_Tcu_InhCda,0,1596171785.744189
CF_Tcu_InhCda,0,1596171785.8137538
CF_Tcu_InhCda,0,1596171785.83444
CF_Tcu_InhCda,0,1596171785.854444
CF_Tcu_InhCda,0,1596171785.875252
CF_Tcu_InhCda,0,1596171785.883178
CF_Tcu_InhCda,0,1596171785.9159179
CF_Tcu_InhCda,0,1596171785.9325929
CF_Tcu_InhCda,0,1596171785.9531288
CF_Tcu_InhCda,0,1596171785.977234
CF_Tcu_InhCda,0,1596171785.993814
CF_Tcu_InhCda,0,1596171786.043325
CF_Tcu_InhCda,0,1596171786.112594
CF_Tcu_InhCda,0,1596171786.1247199
CF_Tcu_InhCda,0,1596171786.1333802
CF_Tcu_InhCda,0,1596171786.1539464
CF_Tcu_InhCda,0,1596171786.1658108
CF_Tcu_InhCda,0,1596171786.174011
CF_Tcu_InhCda,0,1596171786.186154
CF_Tcu_InhCda,0,1596171786.2642539
CF_Tcu_InhCda,0,1596171786.43594
CF_Tcu_InhCda,0,1596171786.464884
CF_Tcu_InhCda,0,1596171786.514501
CF_Tcu_InhCda,0,1596171786.583766
CF_Tcu_InhCda,0,1596171786.596077
CF_Tcu_InhCda,0,1596171786.63302
CF_Tcu_InhCda,0,1596171786.723315
CF_Tcu_InhCda,0,1596171786.7349286
CF_Tcu_InhCda,0,1596171786.7555199
CF_Tcu_InhCda,0,1596171786.784309
CF_Tcu_InhCda,0,1596171786.8538349
CF_Tcu_InhCda,0,1596171786.866085
CF_Tcu_InhCda,0,1596171786.90333
CF_Tcu_InhCda,0,1596171787.005329
CF_Tcu_InhCda,0,1596171787.0138938
CF_Tcu_InhCda,0,1596171787.02579
CF_Tcu_InhCda,0,1596171787.054452
CF_Tcu_InhCda,0,1596171787.0631306
CF_Tcu_InhCda,0,1596171787.104029
CF_Tcu_InhCda,0,1596171787.18555
CF_Tcu_InhCda,0,1596171787.2551699
CF_Tcu_InhCda,0,1596171787.313727
CF_Tcu_InhCda,0,1596171787.3337126
CF_Tcu_InhCda,0,1596171787.365772
CF_Tcu_InhCda,0,1596171787.374004
CF_Tcu_InhCda,0,1596171787.386272
CF_Tcu_InhCda,0,1596171787.4031632
CF_Tcu_InhCda,0,1596171787.4558868
CF_Tcu_InhCda,0,1596171787.485039
CF_Tcu_InhCda,0,1596171787.554694
CF_Tcu_InhCda,0,1596171787.5831966
CF_Tcu_InhCda,0,1596171787.603408
CF_Tcu_InhCda,0,1596171787.6155488
CF_Tcu_InhCda,0,1596171787.623876
CF_Tcu_InhCda,0,1596171787.664753
CF_Tcu_InhCda,0,1596171787.693544
CF_Tcu_InhCda,0,1596171787.7057786
CF_Tcu_InhCda,0,1596171787.935075
CF_Tcu_InhCda,0,1596171787.984233
CF_Tcu_InhCda,0,1596171788.0831199
CF_Tcu_InhCda,0,1596171788.10708
CF_Tcu_InhCda,0,1596171788.1357582
CF_Tcu_InhCda,0,1596171788.213807
CF_Tcu_InhCda,0,1596171788.2258098
CF_Tcu_InhCda,0,1596171788.385566
CF_Tcu_InhCda,0,1596171788.434711
CF_Tcu_InhCda,0,1596171788.582855
CF_Tcu_InhCda,0,1596171788.6238248
CF_Tcu_InhCda,0,1596171788.685001
CF_Tcu_InhCda,0,1596171788.71344
CF_Tcu_InhCda,0,1596171788.7665641
CF_Tcu_InhCda,0,1596171788.7953641
CF_Tcu_InhCda,0,1596171788.803478
CF_Tcu_InhCda,0,1596171788.893732
CF_Tcu_InhCda,0,1596171788.9021401
CF_Tcu_InhCda,0,1596171788.9638348
CF_Tcu_InhCda,0,1596171788.975441
CF_Tcu_InhCda,0,1596171788.983938
CF_Tcu_InhCda,0,1596171788.9958858
CF_Tcu_InhCda,0,1596171789.013567
CF_Tcu_InhCda,0,1596171789.033202
CF_Tcu_InhCda,0,1596171789.102821
CF_Tcu_InhCda,0,1596171789.114697
CF_Tcu_InhCda,0,1596171789.1233714
CF_Tcu_InhCda,0,1596171789.135176
CF_Tcu_InhCda,0,1596171789.155755
CF_Tcu_InhCda,0,1596171789.176115
CF_Tcu_InhCda,0,1596171789.1845329
CF_Tcu_InhCda,0,1596171789.2047648
CF_Tcu_InhCda,0,1596171789.254217
CF_Tcu_InhCda,0,1596171789.3153868
CF_Tcu_InhCda,0,1596171789.4260092
CF_Tcu_InhCda,0,1596171789.4546778
CF_Tcu_InhCda,0,1596171789.533113
CF_Tcu_InhCda,0,1596171789.585603
CF_Tcu_InhCda,0,1596171789.614998
CF_Tcu_InhCda,0,1596171789.626673
CF_Tcu_InhCda,0,1596171789.643646
CF_Tcu_InhCda,0,1596171789.7249599
CF_Tcu_InhCda,0,1596171789.774451
CF_Tcu_InhCda,0,1596171789.803127
CF_Tcu_InhCda,0,1596171789.856035
CF_Tcu_InhCda,0,1596171789.8765302
CF_Tcu_InhCda,0,1596171789.884734
CF_Tcu_InhCda,0,1596171789.9136062
CF_Tcu_InhCda,0,1596171789.99561
CF_Tcu_InhCda,0,1596171790.003986
CF_Tcu_InhCda,0,1596171790.01581
CF_Tcu_InhCda,0,1596171790.024262
CF_Tcu_InhCda,0,1596171790.036185
CF_Tcu_InhCda,0,1596171790.052956
CF_Tcu_InhCda,0,1596171790.073666
CF_Tcu_InhCda,0,1596171790.093644
CF_Tcu_InhCda,0,1596171790.134537
CF_Tcu_InhCda,0,1596171790.143222
CF_Tcu_InhCda,0,1596171790.2132552
CF_Tcu_InhCda,0,1596171790.3234599
CF_Tcu_InhCda,0,1596171790.3352268
CF_Tcu_InhCda,0,1596171790.376174
CF_Tcu_InhCda,0,1596171790.40484
CF_Tcu_InhCda,0,1596171790.4539812
CF_Tcu_InhCda,0,1596171790.466229
CF_Tcu_InhCda,0,1596171790.474488
CF_Tcu_InhCda,0,1596171790.486681
CF_Tcu_InhCda,0,1596171790.5155869
CF_Tcu_InhCda,0,1596171790.535784
CF_Tcu_InhCda,0,1596171790.5445108
CF_Tcu_InhCda,0,1596171790.5527658
CF_Tcu_InhCda,0,1596171790.625957
CF_Tcu_InhCda,0,1596171790.6344259
CF_Tcu_InhCda,0,1596171790.654759
CF_Tcu_InhCda,0,1596171790.667007
CF_Tcu_InhCda,0,1596171790.675208
CF_Tcu_InhCda,0,1596171790.708033
CF_Tcu_InhCda,0,1596171790.753443
CF_Tcu_InhCda,0,1596171790.765353
CF_Tcu_InhCda,0,1596171790.773794
CF_Tcu_InhCda,0,1596171790.875969
CF_Tcu_InhCda,0,1596171790.91398
CF_Tcu_InhCda,0,1596171790.925053
CF_Tcu_InhCda,0,1596171790.9337866
CF_Tcu_InhCda,0,1596171790.957707
CF_Tcu_InhCda,0,1596171790.966102
CF_Tcu_InhCda,0,1596171791.015156
CF_Tcu_InhCda,0,1596171791.035541
CF_Tcu_InhCda,0,1596171791.0644226
CF_Tcu_InhCda,0,1596171791.07299
CF_Tcu_InhCda,0,1596171791.0847738
CF_Tcu_InhCda,0,1596171791.1018288
CF_Tcu_InhCda,0,1596171791.204148
CF_Tcu_InhCda,0,1596171791.277334
CF_Tcu_InhCda,0,1596171791.306037
CF_Tcu_InhCda,0,1596171791.322765
CF_Tcu_InhCda,0,1596171791.3844051
CF_Tcu_InhCda,0,1596171791.3964288
CF_Tcu_InhCda,0,1596171791.4131901
CF_Tcu_InhCda,0,1596171791.4333591
CF_Tcu_InhCda,0,1596171791.50294
CF_Tcu_InhCda,0,1596171791.514945
CF_Tcu_InhCda,0,1596171791.5236511
CF_Tcu_InhCda,0,1596171791.535396
CF_Tcu_InhCda,0,1596171791.555884
CF_Tcu_InhCda,0,1596171791.564063
CF_Tcu_InhCda,0,1596171791.716141
CF_Tcu_InhCda,0,1596171791.814059
CF_Tcu_InhCda,0,1596171791.8343189
CF_Tcu_InhCda,0,1596171791.953388
CF_Tcu_InhCda,0,1596171791.965388
CF_Tcu_InhCda,0,1596171791.974102
CF_Tcu_InhCda,0,1596171791.985942
CF_Tcu_InhCda,0,1596171792.002788
CF_Tcu_InhCda,0,1596171792.1134136
CF_Tcu_InhCda,0,1596171792.137341
CF_Tcu_InhCda,0,1596171792.153787
CF_Tcu_InhCda,0,1596171792.2649071
CF_Tcu_InhCda,0,1596171792.2849221
CF_Tcu_InhCda,0,1596171792.374877
CF_Tcu_InhCda,0,1596171792.3955069
CF_Tcu_InhCda,0,1596171792.415949
CF_Tcu_InhCda,0,1596171792.4246
CF_Tcu_InhCda,0,1596171792.432791
CF_Tcu_InhCda,0,1596171792.456824
CF_Tcu_InhCda,0,1596171792.465697
CF_Tcu_InhCda,0,1596171792.473684
CF_Tcu_InhCda,0,1596171792.575576
CF_Tcu_InhCda,0,1596171792.6739259
CF_Tcu_InhCda,0,1596171792.694725
CF_Tcu_InhCda,0,1596171792.735383
CF_Tcu_InhCda,0,1596171792.7641199
CF_Tcu_InhCda,0,1596171792.854232
CF_Tcu_InhCda,0,1596171792.8628216
CF_Tcu_InhCda,0,1596171792.87476
CF_Tcu_InhCda,0,1596171792.886883
CF_Tcu_InhCda,0,1596171792.9325302
CF_Tcu_InhCda,0,1596171793.0058198
CF_Tcu_InhCda,0,1596171793.014009
CF_Tcu_InhCda,0,1596171793.022568
CF_Tcu_InhCda,0,1596171793.0345118
CF_Tcu_InhCda,0,1596171793.0548954
CF_Tcu_InhCda,0,1596171793.0671608
CF_Tcu_InhCda,0,1596171793.095835
CF_Tcu_InhCda,0,1596171793.1737669
CF_Tcu_InhCda,0,1596171793.2723439
CF_Tcu_InhCda,0,1596171793.284271
CF_Tcu_InhCda,0,1596171793.325183
CF_Tcu_InhCda,0,1596171793.333917
CF_Tcu_InhCda,0,1596171793.3578649
CF_Tcu_InhCda,0,1596171793.362626
CF_Tcu_InhCda,0,1596171793.3742874
CF_Tcu_InhCda,0,1596171793.382928
CF_Tcu_InhCda,0,1596171793.4731472
CF_Tcu_InhCda,0,1596171793.484928
CF_Tcu_InhCda,0,1596171793.513951
CF_Tcu_InhCda,0,1596171793.542699
CF_Tcu_InhCda,0,1596171793.612906
CF_Tcu_InhCda,0,1596171793.632695
CF_Tcu_InhCda,0,1596171793.6569462
CF_Tcu_InhCda,0,1596171793.694232
CF_Tcu_InhCda,0,1596171793.7229571
CF_Tcu_InhCda,0,1596171793.734766
CF_Tcu_InhCda,0,1596171793.76385
CF_Tcu_InhCda,0,1596171793.775676
CF_Tcu_InhCda,0,1596171793.8248231
CF_Tcu_InhCda,0,1596171793.833125
CF_Tcu_InhCda,0,1596171793.882581
CF_Tcu_InhCda,0,1596171793.89476
CF_Tcu_InhCda,0,1596171793.9029849
CF_Tcu_InhCda,0,1596171793.915
CF_Tcu_InhCda,0,1596171793.923626
CF_Tcu_InhCda,0,1596171793.964205
CF_Tcu_InhCda,0,1596171794.013441
CF_Tcu_InhCda,0,1596171794.02546
CF_Tcu_InhCda,0,1596171794.1445339
CF_Tcu_InhCda,0,1596171794.2057312
CF_Tcu_InhCda,0,1596171794.214036
CF_Tcu_InhCda,0,1596171794.226218
CF_Tcu_InhCda,0,1596171794.2430608
CF_Tcu_InhCda,0,1596171794.254934
CF_Tcu_InhCda,0,1596171794.263467
CF_Tcu_InhCda,0,1596171794.333354
CF_Tcu_InhCda,0,1596171794.353624
CF_Tcu_InhCda,0,1596171794.377959
CF_Tcu_InhCda,0,1596171794.443607
CF_Tcu_InhCda,0,1596171794.533806
CF_Tcu_InhCda,0,1596171794.554284
CF_Tcu_InhCda,0,1596171794.603352
CF_Tcu_InhCda,0,1596171794.656369
CF_Tcu_InhCda,0,1596171794.66468
CF_Tcu_InhCda,0,1596171794.676773
CF_Tcu_InhCda,0,1596171794.693395
CF_Tcu_InhCda,0,1596171794.7638476
CF_Tcu_InhCda,0,1596171794.783214
CF_Tcu_InhCda,0,1596171794.8037848
CF_Tcu_InhCda,0,1596171794.89453
CF_Tcu_InhCda,0,1596171794.975714
CF_Tcu_InhCda,0,1596171795.0949206
CF_Tcu_InhCda,0,1596171795.1032
CF_Tcu_InhCda,0,1596171795.135493
CF_Tcu_InhCda,0,1596171795.1560168
CF_Tcu_InhCda,0,1596171795.184672
CF_Tcu_InhCda,0,1596171795.1935098
CF_Tcu_InhCda,0,1596171795.213474
CF_Tcu_InhCda,0,1596171795.225591
CF_Tcu_InhCda,0,1596171795.274822
CF_Tcu_InhCda,0,1596171795.3734589
CF_Tcu_InhCda,0,1596171795.414142
CF_Tcu_InhCda,0,1596171795.423035
CF_Tcu_InhCda,0,1596171795.434473
CF_Tcu_InhCda,0,1596171795.4550269
CF_Tcu_InhCda,0,1596171795.471774
CF_Tcu_InhCda,0,1596171795.49603
CF_Tcu_InhCda,0,1596171795.524671
CF_Tcu_InhCda,0,1596171795.5331259
CF_Tcu_InhCda,0,1596171795.5454009
CF_Tcu_InhCda,0,1596171795.565506
CF_Tcu_InhCda,0,1596171795.663826
CF_Tcu_InhCda,0,1596171795.6844618
CF_Tcu_InhCda,0,1596171795.725285
CF_Tcu_InhCda,0,1596171795.734026
CF_Tcu_InhCda,0,1596171795.7544918
CF_Tcu_InhCda,0,1596171795.79528
CF_Tcu_InhCda,0,1596171795.8564188
CF_Tcu_InhCda,0,1596171795.873249
CF_Tcu_InhCda,0,1596171796.0569954
CF_Tcu_InhCda,0,1596171796.1230886
CF_Tcu_InhCda,0,1596171796.1349
CF_Tcu_InhCda,0,1596171796.1636212
CF_Tcu_InhCda,0,1596171796.1757462
CF_Tcu_InhCda,0,1596171796.2948954
CF_Tcu_InhCda,0,1596171796.3151932
CF_Tcu_InhCda,0,1596171796.3232908
CF_Tcu_InhCda,0,1596171796.3359306
CF_Tcu_InhCda,0,1596171796.3560991
CF_Tcu_InhCda,0,1596171796.397065
CF_Tcu_InhCda,0,1596171796.43389
CF_Tcu_InhCda,0,1596171796.523992
CF_Tcu_InhCda,0,1596171796.634527
CF_Tcu_InhCda,0,1596171796.745336
CF_Tcu_InhCda,0,1596171796.753441
CF_Tcu_InhCda,0,1596171796.7742028
CF_Tcu_InhCda,0,1596171796.893038
CF_Tcu_InhCda,0,1596171796.9132302
CF_Tcu_InhCda,0,1596171796.933954
CF_Tcu_InhCda,0,1596171796.954575
CF_Tcu_InhCda,0,1596171796.974541
CF_Tcu_InhCda,0,1596171797.0241652
CF_Tcu_InhCda,0,1596171797.0564082
CF_Tcu_InhCda,0,1596171797.073199
CF_Tcu_InhCda,0,1596171797.195967
CF_Tcu_InhCda,0,1596171797.204106
CF_Tcu_InhCda,0,1596171797.224384
CF_Tcu_InhCda,0,1596171797.236588
CF_Tcu_InhCda,0,1596171797.253421
CF_Tcu_InhCda,0,1596171797.31449
CF_Tcu_InhCda,0,1596171797.3554306
CF_Tcu_InhCda,0,1596171797.4045231
CF_Tcu_InhCda,0,1596171797.503217
CF_Tcu_InhCda,0,1596171797.515378
CF_Tcu_InhCda,0,1596171797.584827
CF_Tcu_InhCda,0,1596171797.6544821
CF_Tcu_InhCda,0,1596171797.666701
CF_Tcu_InhCda,0,1596171797.675235
CF_Tcu_InhCda,0,1596171797.7651222
CF_Tcu_InhCda,0,1596171797.8143182
CF_Tcu_InhCda,0,1596171797.8349972
CF_Tcu_InhCda,0,1596171797.8428822
CF_Tcu_InhCda,0,1596171797.8556428
CF_Tcu_InhCda,0,1596171797.884194
CF_Tcu_InhCda,0,1596171797.933235
CF_Tcu_InhCda,0,1596171797.953867
CF_Tcu_InhCda,0,1596171798.023445
CF_Tcu_InhCda,0,1596171798.0844321
CF_Tcu_InhCda,0,1596171798.0930269
CF_Tcu_InhCda,0,1596171798.1050131
CF_Tcu_InhCda,0,1596171798.113557
CF_Tcu_InhCda,0,1596171798.1254706
CF_Tcu_InhCda,0,1596171798.1342301
CF_Tcu_InhCda,0,1596171798.223858
CF_Tcu_InhCda,0,1596171798.2648
CF_Tcu_InhCda,0,1596171798.273549
CF_Tcu_InhCda,0,1596171798.33437
CF_Tcu_InhCda,0,1596171798.363439
CF_Tcu_InhCda,0,1596171798.392139
CF_Tcu_InhCda,0,1596171798.4536364
CF_Tcu_InhCda,0,1596171798.485837
CF_Tcu_InhCda,0,1596171798.5146039
CF_Tcu_InhCda,0,1596171798.523129
CF_Tcu_InhCda,0,1596171798.5350509
CF_Tcu_InhCda,0,1596171798.5555918
CF_Tcu_InhCda,0,1596171798.5640821
CF_Tcu_InhCda,0,1596171798.57597
CF_Tcu_InhCda,0,1596171798.653928
CF_Tcu_InhCda,0,1596171798.68287
CF_Tcu_InhCda,0,1596171798.6949599
CF_Tcu_InhCda,0,1596171798.703391
CF_Tcu_InhCda,0,1596171798.7154539
CF_Tcu_InhCda,0,1596171798.723774
CF_Tcu_InhCda,0,1596171798.735724
CF_Tcu_InhCda,0,1596171798.784828
CF_Tcu_InhCda,0,1596171798.834045
CF_Tcu_InhCda,0,1596171798.8631194
CF_Tcu_InhCda,0,1596171798.965158
CF_Tcu_InhCda,0,1596171799.0143359
CF_Tcu_InhCda,0,1596171799.026457
CF_Tcu_InhCda,0,1596171799.153891
CF_Tcu_InhCda,0,1596171799.165762
CF_Tcu_InhCda,0,1596171799.1744099
CF_Tcu_InhCda,0,1596171799.182698
CF_Tcu_InhCda,0,1596171799.2354088
CF_Tcu_InhCda,0,1596171799.305054
CF_Tcu_InhCda,0,1596171799.313544
CF_Tcu_InhCda,0,1596171799.3255599
CF_Tcu_InhCda,0,1596171799.3376696
CF_Tcu_InhCda,0,1596171799.354203
CF_Tcu_InhCda,0,1596171799.386858
CF_Tcu_InhCda,0,1596171799.4034328
CF_Tcu_InhCda,0,1596171799.415591
CF_Tcu_InhCda,0,1596171799.424184
CF_Tcu_InhCda,0,1596171799.4361112
CF_Tcu_InhCda,0,1596171799.452945
CF_Tcu_InhCda,0,1596171799.514019
CF_Tcu_InhCda,0,1596171799.604249
CF_Tcu_InhCda,0,1596171799.6163242
CF_Tcu_InhCda,0,1596171799.624516
CF_Tcu_InhCda,0,1596171799.636776
CF_Tcu_InhCda,0,1596171799.645298
CF_Tcu_InhCda,0,1596171799.6536992
CF_Tcu_InhCda,0,1596171799.7027898
CF_Tcu_InhCda,0,1596171799.714659
CF_Tcu_InhCda,0,1596171799.767801
CF_Tcu_InhCda,0,1596171799.772404
CF_Tcu_InhCda,0,1596171799.8866172
CF_Tcu_InhCda,0,1596171799.9152908
CF_Tcu_InhCda,0,1596171799.9849136
CF_Tcu_InhCda,0,1596171800.034306
CF_Tcu_InhCda,0,1596171800.066881
CF_Tcu_InhCda,0,1596171800.206192
CF_Tcu_InhCda,0,1596171800.2144449
CF_Tcu_InhCda,0,1596171800.2348368
CF_Tcu_InhCda,0,1596171800.284447
CF_Tcu_InhCda,0,1596171800.2925062
CF_Tcu_InhCda,0,1596171800.31316
CF_Tcu_InhCda,0,1596171800.3337278
CF_Tcu_InhCda,0,1596171800.3783882
CF_Tcu_InhCda,0,1596171800.38298
CF_Tcu_InhCda,0,1596171800.4641569
CF_Tcu_InhCda,0,1596171800.476392
CF_Tcu_InhCda,0,1596171800.5051332
CF_Tcu_InhCda,0,1596171800.5138311
CF_Tcu_InhCda,0,1596171800.525614
CF_Tcu_InhCda,0,1596171800.5343318
CF_Tcu_InhCda,0,1596171800.542451
CF_Tcu_InhCda,0,1596171800.587162
CF_Tcu_InhCda,0,1596171800.6240392
CF_Tcu_InhCda,0,1596171800.632715
CF_Tcu_InhCda,0,1596171800.664983
CF_Tcu_InhCda,0,1596171800.6731882
CF_Tcu_InhCda,0,1596171800.71399
CF_Tcu_InhCda,0,1596171800.853309
CF_Tcu_InhCda,0,1596171800.873769
CF_Tcu_InhCda,0,1596171800.9146929
CF_Tcu_InhCda,0,1596171800.9233902
CF_Tcu_InhCda,0,1596171800.955711
CF_Tcu_InhCda,0,1596171800.9639976
CF_Tcu_InhCda,0,1596171800.9725142
CF_Tcu_InhCda,0,1596171801.0334811
CF_Tcu_InhCda,0,1596171801.074317
CF_Tcu_InhCda,0,1596171801.083293
CF_Tcu_InhCda,0,1596171801.0950902
CF_Tcu_InhCda,0,1596171801.103574
CF_Tcu_InhCda,0,1596171801.115438
CF_Tcu_InhCda,0,1596171801.12783
CF_Tcu_InhCda,0,1596171801.132252
CF_Tcu_InhCda,0,1596171801.1768794
CF_Tcu_InhCda,0,1596171801.205516
CF_Tcu_InhCda,0,1596171801.222214
CF_Tcu_InhCda,0,1596171801.242811
CF_Tcu_InhCda,0,1596171801.266892
CF_Tcu_InhCda,0,1596171801.394144
CF_Tcu_InhCda,0,1596171801.406108
CF_Tcu_InhCda,0,1596171801.414537
CF_Tcu_InhCda,0,1596171801.472235
CF_Tcu_InhCda,0,1596171801.484176
CF_Tcu_InhCda,0,1596171801.5541642
CF_Tcu_InhCda,0,1596171801.5659769
CF_Tcu_InhCda,0,1596171801.574471
CF_Tcu_InhCda,0,1596171801.582746
CF_Tcu_InhCda,0,1596171801.6319294
CF_Tcu_InhCda,0,1596171801.705258
CF_Tcu_InhCda,0,1596171801.71385
CF_Tcu_InhCda,0,1596171801.7256448
CF_Tcu_InhCda,0,1596171801.734317
CF_Tcu_InhCda,0,1596171801.787138
CF_Tcu_InhCda,0,1596171801.8243132
CF_Tcu_InhCda,0,1596171801.8361876
CF_Tcu_InhCda,0,1596171801.905959
CF_Tcu_InhCda,0,1596171801.9633136
CF_Tcu_InhCda,0,1596171801.975588
CF_Tcu_InhCda,0,1596171801.984187
CF_Tcu_InhCda,0,1596171801.996115
CF_Tcu_InhCda,0,1596171802.013109
CF_Tcu_InhCda,0,1596171802.0333462
CF_Tcu_InhCda,0,1596171802.135185
CF_Tcu_InhCda,0,1596171802.152213
CF_Tcu_InhCda,0,1596171802.164136
CF_Tcu_InhCda,0,1596171802.1761348
CF_Tcu_InhCda,0,1596171802.2662542
CF_Tcu_InhCda,0,1596171802.274545
CF_Tcu_InhCda,0,1596171802.2867048
CF_Tcu_InhCda,0,1596171802.422462
CF_Tcu_InhCda,0,1596171802.442805
CF_Tcu_InhCda,0,1596171802.4633858
CF_Tcu_InhCda,0,1596171802.513096
CF_Tcu_InhCda,0,1596171802.565286
CF_Tcu_InhCda,0,1596171802.573765
CF_Tcu_InhCda,0,1596171802.585716
CF_Tcu_InhCda,0,1596171802.5942461
CF_Tcu_InhCda,0,1596171802.60254
CF_Tcu_InhCda,0,1596171802.6145446
CF_Tcu_InhCda,0,1596171802.6267052
CF_Tcu_InhCda,0,1596171802.672259
CF_Tcu_InhCda,0,1596171802.68432
CF_Tcu_InhCda,0,1596171802.713186
CF_Tcu_InhCda,0,1596171802.725016
CF_Tcu_InhCda,0,1596171802.733366
CF_Tcu_InhCda,0,1596171802.7948802
CF_Tcu_InhCda,0,1596171802.852551
CF_Tcu_InhCda,0,1596171802.893538
CF_Tcu_InhCda,0,1596171802.9141788
CF_Tcu_InhCda,0,1596171802.933877
CF_Tcu_InhCda,0,1596171802.96294
CF_Tcu_InhCda,0,1596171803.0158432
CF_Tcu_InhCda,0,1596171803.024732
CF_Tcu_InhCda,0,1596171803.065072
CF_Tcu_InhCda,0,1596171803.155194
CF_Tcu_InhCda,0,1596171803.1636226
CF_Tcu_InhCda,0,1596171803.175555
CF_Tcu_InhCda,0,1596171803.225107
CF_Tcu_InhCda,0,1596171803.233265
CF_Tcu_InhCda,0,1596171803.253463
CF_Tcu_InhCda,0,1596171803.2738838
CF_Tcu_InhCda,0,1596171803.314891
CF_Tcu_InhCda,0,1596171803.3234131
CF_Tcu_InhCda,0,1596171803.364393
CF_Tcu_InhCda,0,1596171803.4049668
CF_Tcu_InhCda,0,1596171803.474587
CF_Tcu_InhCda,0,1596171803.482809
CF_Tcu_InhCda,0,1596171803.503631
CF_Tcu_InhCda,0,1596171803.515575
CF_Tcu_InhCda,0,1596171803.52388
CF_Tcu_InhCda,0,1596171803.553113
CF_Tcu_InhCda,0,1596171803.5935118
CF_Tcu_InhCda,0,1596171803.712521
CF_Tcu_InhCda,0,1596171803.753628
CF_Tcu_InhCda,0,1596171803.7858062
CF_Tcu_InhCda,0,1596171803.806273
CF_Tcu_InhCda,0,1596171803.933283
CF_Tcu_InhCda,0,1596171803.9660509
CF_Tcu_InhCda,0,1596171804.035614
CF_Tcu_InhCda,0,1596171804.1053698
CF_Tcu_InhCda,0,1596171804.1257381
CF_Tcu_InhCda,0,1596171804.2244852
CF_Tcu_InhCda,0,1596171804.383958
CF_Tcu_InhCda,0,1596171804.404649
CF_Tcu_InhCda,0,1596171804.4247868
CF_Tcu_InhCda,0,1596171804.6629
CF_Tcu_InhCda,0,1596171804.683191
CF_Tcu_InhCda,0,1596171804.826118
CF_Tcu_InhCda,0,1596171804.85485
CF_Tcu_InhCda,0,1596171804.863492
CF_Tcu_InhCda,0,1596171804.904011
CF_Tcu_InhCda,0,1596171804.965358
CF_Tcu_InhCda,0,1596171804.973629
CF_Tcu_InhCda,0,1596171804.982131
CF_Tcu_InhCda,0,1596171805.002686
CF_Tcu_InhCda,0,1596171805.0147069
CF_Tcu_InhCda,0,1596171805.023377
CF_Tcu_InhCda,0,1596171805.1132536
CF_Tcu_InhCda,0,1596171805.133431
CF_Tcu_InhCda,0,1596171805.15398
CF_Tcu_InhCda,0,1596171805.232084
CF_Tcu_InhCda,0,1596171805.2972312
CF_Tcu_InhCda,0,1596171805.305485
CF_Tcu_InhCda,0,1596171805.3257642
CF_Tcu_InhCda,0,1596171805.342889
CF_Tcu_InhCda,0,1596171805.3545198
CF_Tcu_InhCda,0,1596171805.43285
CF_Tcu_InhCda,0,1596171805.4533062
CF_Tcu_InhCda,0,1596171805.502466
CF_Tcu_InhCda,0,1596171805.6129851
CF_Tcu_InhCda,0,1596171805.674096
CF_Tcu_InhCda,0,1596171805.703007
CF_Tcu_InhCda,0,1596171805.7150302
CF_Tcu_InhCda,0,1596171805.72376
CF_Tcu_InhCda,0,1596171805.735446
CF_Tcu_InhCda,0,1596171805.764249
CF_Tcu_InhCda,0,1596171805.7933571
CF_Tcu_InhCda,0,1596171805.874759
CF_Tcu_InhCda,0,1596171805.8869991
CF_Tcu_InhCda,0,1596171805.9034472
CF_Tcu_InhCda,0,1596171805.9158466
CF_Tcu_InhCda,0,1596171805.9242759
CF_Tcu_InhCda,0,1596171806.022805
CF_Tcu_InhCda,0,1596171806.054959
CF_Tcu_InhCda,0,1596171806.0835998
CF_Tcu_InhCda,0,1596171806.095822
CF_Tcu_InhCda,0,1596171806.153333
CF_Tcu_InhCda,0,1596171806.16556
CF_Tcu_InhCda,0,1596171806.1738029
CF_Tcu_InhCda,0,1596171806.185981
CF_Tcu_InhCda,0,1596171806.2147589
CF_Tcu_InhCda,0,1596171806.27619
CF_Tcu_InhCda,0,1596171806.3134599
CF_Tcu_InhCda,0,1596171806.354368
CF_Tcu_InhCda,0,1596171806.493901
CF_Tcu_InhCda,0,1596171806.505545
CF_Tcu_InhCda,0,1596171806.5140321
CF_Tcu_InhCda,0,1596171806.525994
CF_Tcu_InhCda,0,1596171806.534689
CF_Tcu_InhCda,0,1596171806.57532
CF_Tcu_InhCda,0,1596171806.624568
CF_Tcu_InhCda,0,1596171806.6364648
CF_Tcu_InhCda,0,1596171806.755401
CF_Tcu_InhCda,0,1596171806.764148
CF_Tcu_InhCda,0,1596171806.804484
CF_Tcu_InhCda,0,1596171806.813216
CF_Tcu_InhCda,0,1596171806.8249412
CF_Tcu_InhCda,0,1596171806.8371544
CF_Tcu_InhCda,0,1596171806.935508
CF_Tcu_InhCda,0,1596171806.952354
CF_Tcu_InhCda,0,1596171806.985047
CF_Tcu_InhCda,0,1596171807.054285
CF_Tcu_InhCda,0,1596171807.0832438
CF_Tcu_InhCda,0,1596171807.1156359
CF_Tcu_InhCda,0,1596171807.164941
CF_Tcu_InhCda,0,1596171807.2227032
CF_Tcu_InhCda,0,1596171807.23459
CF_Tcu_InhCda,0,1596171807.255118
CF_Tcu_InhCda,0,1596171807.263648
CF_Tcu_InhCda,0,1596171807.283797
CF_Tcu_InhCda,0,1596171807.353708
CF_Tcu_InhCda,0,1596171807.373836
CF_Tcu_InhCda,0,1596171807.382284
CF_Tcu_InhCda,0,1596171807.4148471
CF_Tcu_InhCda,0,1596171807.4271226
CF_Tcu_InhCda,0,1596171807.435294
CF_Tcu_InhCda,0,1596171807.476193
CF_Tcu_InhCda,0,1596171807.513737
CF_Tcu_InhCda,0,1596171807.612499
CF_Tcu_InhCda,0,1596171807.6526961
CF_Tcu_InhCda,0,1596171807.664662
CF_Tcu_InhCda,0,1596171807.6732466
CF_Tcu_InhCda,0,1596171807.685133
CF_Tcu_InhCda,0,1596171807.6941779
CF_Tcu_InhCda,0,1596171807.705586
CF_Tcu_InhCda,0,1596171807.722441
CF_Tcu_InhCda,0,1596171807.80398
CF_Tcu_InhCda,0,1596171807.81261
CF_Tcu_InhCda,0,1596171807.824372
CF_Tcu_InhCda,0,1596171807.8365312
CF_Tcu_InhCda,0,1596171807.873506
CF_Tcu_InhCda,0,1596171807.9027019
CF_Tcu_InhCda,0,1596171807.9554482
CF_Tcu_InhCda,0,1596171807.984242
CF_Tcu_InhCda,0,1596171808.0131109
CF_Tcu_InhCda,0,1596171808.033695
CF_Tcu_InhCda,0,1596171808.115056
CF_Tcu_InhCda,0,1596171808.123641
CF_Tcu_InhCda,0,1596171808.1355786
CF_Tcu_InhCda,0,1596171808.1560829
CF_Tcu_InhCda,0,1596171808.263037
CF_Tcu_InhCda,0,1596171808.274925
CF_Tcu_InhCda,0,1596171808.2834358
CF_Tcu_InhCda,0,1596171808.2953954
CF_Tcu_InhCda,0,1596171808.303539
CF_Tcu_InhCda,0,1596171808.3157382
CF_Tcu_InhCda,0,1596171808.3240962
CF_Tcu_InhCda,0,1596171808.336278
CF_Tcu_InhCda,0,1596171808.36505
CF_Tcu_InhCda,0,1596171808.422734
CF_Tcu_InhCda,0,1596171808.5535018
CF_Tcu_InhCda,0,1596171808.565635
CF_Tcu_InhCda,0,1596171808.5739222
CF_Tcu_InhCda,0,1596171808.586126
CF_Tcu_InhCda,0,1596171808.664681
CF_Tcu_InhCda,0,1596171808.701459
CF_Tcu_InhCda,0,1596171808.713216
CF_Tcu_InhCda,0,1596171808.7336352
CF_Tcu_InhCda,0,1596171808.7544382
CF_Tcu_InhCda,0,1596171808.8850694
CF_Tcu_InhCda,0,1596171808.8942618
CF_Tcu_InhCda,0,1596171808.914228
CF_Tcu_InhCda,0,1596171808.9342332
CF_Tcu_InhCda,0,1596171808.975276
CF_Tcu_InhCda,0,1596171808.983569
CF_Tcu_InhCda,0,1596171809.032685
CF_Tcu_InhCda,0,1596171809.175884
CF_Tcu_InhCda,0,1596171809.1841931
CF_Tcu_InhCda,0,1596171809.2049546
CF_Tcu_InhCda,0,1596171809.2132976
CF_Tcu_InhCda,0,1596171809.225142
CF_Tcu_InhCda,0,1596171809.2419686
CF_Tcu_InhCda,0,1596171809.253804
CF_Tcu_InhCda,0,1596171809.274517
CF_Tcu_InhCda,0,1596171809.332216
CF_Tcu_InhCda,0,1596171809.352458
CF_Tcu_InhCda,0,1596171809.3727
CF_Tcu_InhCda,0,1596171809.3853948
CF_Tcu_InhCda,0,1596171809.462652
CF_Tcu_InhCda,0,1596171809.4831538
CF_Tcu_InhCda,0,1596171809.513246
CF_Tcu_InhCda,0,1596171809.532702
CF_Tcu_InhCda,0,1596171809.602311
CF_Tcu_InhCda,0,1596171809.62285
CF_Tcu_InhCda,0,1596171809.6552262
CF_Tcu_InhCda,0,1596171809.712569
CF_Tcu_InhCda,0,1596171809.782524
CF_Tcu_InhCda,0,1596171809.794635
CF_Tcu_InhCda,0,1596171809.802881
CF_Tcu_InhCda,0,1596171809.815059
CF_Tcu_InhCda,0,1596171809.83539
CF_Tcu_InhCda,0,1596171809.852316
CF_Tcu_InhCda,0,1596171809.933676
CF_Tcu_InhCda,0,1596171810.0033119
CF_Tcu_InhCda,0,1596171810.1022148
CF_Tcu_InhCda,0,1596171810.114057
CF_Tcu_InhCda,0,1596171810.122656
CF_Tcu_InhCda,0,1596171810.1921551
CF_Tcu_InhCda,0,1596171810.232666
CF_Tcu_InhCda,0,1596171810.2535338
CF_Tcu_InhCda,0,1596171810.2737534
CF_Tcu_InhCda,0,1596171810.285866
CF_Tcu_InhCda,0,1596171810.3146741
CF_Tcu_InhCda,0,1596171810.41294
CF_Tcu_InhCda,0,1596171810.425092
CF_Tcu_InhCda,0,1596171810.433407
CF_Tcu_InhCda,0,1596171810.4544141
CF_Tcu_InhCda,0,1596171810.4742954
CF_Tcu_InhCda,0,1596171810.532088
CF_Tcu_InhCda,0,1596171810.544111
CF_Tcu_InhCda,0,1596171810.552528
CF_Tcu_InhCda,0,1596171810.564456
CF_Tcu_InhCda,0,1596171810.573096
CF_Tcu_InhCda,0,1596171810.7036471
CF_Tcu_InhCda,0,1596171810.7127054
CF_Tcu_InhCda,0,1596171810.72416
CF_Tcu_InhCda,0,1596171810.752884
CF_Tcu_InhCda,0,1596171810.7650821
CF_Tcu_InhCda,0,1596171810.81433
CF_Tcu_InhCda,0,1596171810.8346188
CF_Tcu_InhCda,0,1596171810.875646
CF_Tcu_InhCda,0,1596171810.8842509
CF_Tcu_InhCda,0,1596171810.90433
CF_Tcu_InhCda,0,1596171811.0122292
CF_Tcu_InhCda,0,1596171811.0558538
CF_Tcu_InhCda,0,1596171811.06422
CF_Tcu_InhCda,0,1596171811.0729198
CF_Tcu_InhCda,0,1596171811.0845492
CF_Tcu_InhCda,0,1596171811.093526
CF_Tcu_InhCda,0,1596171811.101407
CF_Tcu_InhCda,0,1596171811.142074
CF_Tcu_InhCda,0,1596171811.1628551
CF_Tcu_InhCda,0,1596171811.17469
CF_Tcu_InhCda,0,1596171811.183208
CF_Tcu_InhCda,0,1596171811.203534
CF_Tcu_InhCda,0,1596171811.322725
CF_Tcu_InhCda,0,1596171811.3753548
CF_Tcu_InhCda,0,1596171811.396142
CF_Tcu_InhCda,0,1596171811.433127
CF_Tcu_InhCda,0,1596171811.445192
CF_Tcu_InhCda,0,1596171811.5026321
CF_Tcu_InhCda,0,1596171811.51483
CF_Tcu_InhCda,0,1596171811.523252
CF_Tcu_InhCda,0,1596171811.543365
CF_Tcu_InhCda,0,1596171811.551861
CF_Tcu_InhCda,0,1596171811.5925329
CF_Tcu_InhCda,0,1596171811.662517
CF_Tcu_InhCda,0,1596171811.715326
CF_Tcu_InhCda,0,1596171811.732125
CF_Tcu_InhCda,0,1596171811.744231
CF_Tcu_InhCda,0,1596171811.75262
CF_Tcu_InhCda,0,1596171811.924196
CF_Tcu_InhCda,0,1596171811.9623418
CF_Tcu_InhCda,0,1596171811.982002
CF_Tcu_InhCda,0,1596171812.014621
CF_Tcu_InhCda,0,1596171812.022662
CF_Tcu_InhCda,0,1596171812.0347364
CF_Tcu_InhCda,0,1596171812.063603
CF_Tcu_InhCda,0,1596171812.083982
CF_Tcu_InhCda,0,1596171812.092175
CF_Tcu_InhCda,0,1596171812.162498
CF_Tcu_InhCda,0,1596171812.2934456
CF_Tcu_InhCda,0,1596171812.374711
CF_Tcu_InhCda,0,1596171812.423884
CF_Tcu_InhCda,0,1596171812.432812
CF_Tcu_InhCda,0,1596171812.4529269
CF_Tcu_InhCda,0,1596171812.473572
CF_Tcu_InhCda,0,1596171812.5962179
CF_Tcu_InhCda,0,1596171812.6129546
CF_Tcu_InhCda,0,1596171812.6539352
CF_Tcu_InhCda,0,1596171812.6737976
CF_Tcu_InhCda,0,1596171812.735127
CF_Tcu_InhCda,0,1596171812.77266
CF_Tcu_InhCda,0,1596171812.8743858
CF_Tcu_InhCda,0,1596171812.92362
CF_Tcu_InhCda,0,1596171812.932234
CF_Tcu_InhCda,0,1596171813.07153
CF_Tcu_InhCda,0,1596171813.095534
CF_Tcu_InhCda,0,1596171813.194114
CF_Tcu_InhCda,0,1596171813.2553618
CF_Tcu_InhCda,0,1596171813.382556
CF_Tcu_InhCda,0,1596171813.394825
CF_Tcu_InhCda,0,1596171813.4523768
CF_Tcu_InhCda,0,1596171813.4846199
CF_Tcu_InhCda,0,1596171813.533997
CF_Tcu_InhCda,0,1596171813.542717
CF_Tcu_InhCda,0,1596171813.5665226
CF_Tcu_InhCda,0,1596171813.57475
CF_Tcu_InhCda,0,1596171813.5832052
CF_Tcu_InhCda,0,1596171813.5916939
CF_Tcu_InhCda,0,1596171813.612277
CF_Tcu_InhCda,0,1596171813.623948
CF_Tcu_InhCda,0,1596171813.632638
CF_Tcu_InhCda,0,1596171813.6527061
CF_Tcu_InhCda,0,1596171813.685316
CF_Tcu_InhCda,0,1596171813.7059948
CF_Tcu_InhCda,0,1596171813.812712
CF_Tcu_InhCda,0,1596171813.8246558
CF_Tcu_InhCda,0,1596171813.833384
CF_Tcu_InhCda,0,1596171813.86562
CF_Tcu_InhCda,0,1596171813.8737679
CF_Tcu_InhCda,0,1596171813.8948462
CF_Tcu_InhCda,0,1596171813.902839
CF_Tcu_InhCda,0,1596171813.9318411
CF_Tcu_InhCda,0,1596171813.972554
CF_Tcu_InhCda,0,1596171813.98435
CF_Tcu_InhCda,0,1596171813.9931948
CF_Tcu_InhCda,0,1596171814.004936
CF_Tcu_InhCda,0,1596171814.0132189
CF_Tcu_InhCda,0,1596171814.025224
CF_Tcu_InhCda,0,1596171814.033672
CF_Tcu_InhCda,0,1596171814.091292
CF_Tcu_InhCda,0,1596171814.1527169
CF_Tcu_InhCda,0,1596171814.1646821
CF_Tcu_InhCda,0,1596171814.173357
CF_Tcu_InhCda,0,1596171814.194365
CF_Tcu_InhCda,0,1596171814.201885
CF_Tcu_InhCda,0,1596171814.23473
CF_Tcu_InhCda,0,1596171814.254713
CF_Tcu_InhCda,0,1596171814.262984
CF_Tcu_InhCda,0,1596171814.2835252
CF_Tcu_InhCda,0,1596171814.2920141
CF_Tcu_InhCda,0,1596171814.484066
CF_Tcu_InhCda,0,1596171814.513077
CF_Tcu_InhCda,0,1596171814.574539
CF_Tcu_InhCda,0,1596171814.602877
CF_Tcu_InhCda,0,1596171814.6151626
CF_Tcu_InhCda,0,1596171814.623795
CF_Tcu_InhCda,0,1596171814.6561608
CF_Tcu_InhCda,0,1596171814.664428
CF_Tcu_InhCda,0,1596171814.7834609
CF_Tcu_InhCda,0,1596171814.795454
CF_Tcu_InhCda,0,1596171814.815775
CF_Tcu_InhCda,0,1596171814.824092
CF_Tcu_InhCda,0,1596171814.832664
CF_Tcu_InhCda,0,1596171814.8567328
CF_Tcu_InhCda,0,1596171814.8854542
CF_Tcu_InhCda,0,1596171814.9755778
CF_Tcu_InhCda,0,1596171815.024676
CF_Tcu_InhCda,0,1596171815.0946822
CF_Tcu_InhCda,0,1596171815.102967
CF_Tcu_InhCda,0,1596171815.2337232
CF_Tcu_InhCda,0,1596171815.263092
CF_Tcu_InhCda,0,1596171815.323735
CF_Tcu_InhCda,0,1596171815.3444688
CF_Tcu_InhCda,0,1596171815.3935628
CF_Tcu_InhCda,0,1596171815.413985
CF_Tcu_InhCda,0,1596171815.4260962
CF_Tcu_InhCda,0,1596171815.4342608
CF_Tcu_InhCda,0,1596171815.454884
CF_Tcu_InhCda,0,1596171815.463362
CF_Tcu_InhCda,0,1596171815.475349
CF_Tcu_InhCda,0,1596171815.512789
CF_Tcu_InhCda,0,1596171815.5531962
CF_Tcu_InhCda,0,1596171815.562111
CF_Tcu_InhCda,0,1596171815.57366
CF_Tcu_InhCda,0,1596171815.753791
CF_Tcu_InhCda,0,1596171815.7624311
CF_Tcu_InhCda,0,1596171815.852654
CF_Tcu_InhCda,0,1596171815.8643386
CF_Tcu_InhCda,0,1596171815.872999
CF_Tcu_InhCda,0,1596171815.884856
CF_Tcu_InhCda,0,1596171815.8939168
CF_Tcu_InhCda,0,1596171815.905452
CF_Tcu_InhCda,0,1596171816.065069
CF_Tcu_InhCda,0,1596171816.085549
CF_Tcu_InhCda,0,1596171816.106011
CF_Tcu_InhCda,0,1596171816.122994
CF_Tcu_InhCda,0,1596171816.2043562
CF_Tcu_InhCda,0,1596171816.212899
CF_Tcu_InhCda,0,1596171816.224803
CF_Tcu_InhCda,0,1596171816.364196
CF_Tcu_InhCda,0,1596171816.376364
CF_Tcu_InhCda,0,1596171816.3845792
CF_Tcu_InhCda,0,1596171816.3928802
CF_Tcu_InhCda,0,1596171816.405163
CF_Tcu_InhCda,0,1596171816.413368
CF_Tcu_InhCda,0,1596171816.4218502
CF_Tcu_InhCda,0,1596171816.4422321
CF_Tcu_InhCda,0,1596171816.454584
CF_Tcu_InhCda,0,1596171816.49543
CF_Tcu_InhCda,0,1596171816.523796
CF_Tcu_InhCda,0,1596171816.642694
CF_Tcu_InhCda,0,1596171816.6633742
CF_Tcu_InhCda,0,1596171816.7162318
CF_Tcu_InhCda,0,1596171816.724436
CF_Tcu_InhCda,0,1596171816.733113
CF_Tcu_InhCda,0,1596171816.7655108
CF_Tcu_InhCda,0,1596171816.823183
CF_Tcu_InhCda,0,1596171816.855634
CF_Tcu_InhCda,0,1596171816.953793
CF_Tcu_InhCda,0,1596171816.962141
CF_Tcu_InhCda,0,1596171816.9742908
CF_Tcu_InhCda,0,1596171816.982916
CF_Tcu_InhCda,0,1596171816.995033
CF_Tcu_InhCda,0,1596171817.0035028
CF_Tcu_InhCda,0,1596171817.023568
CF_Tcu_InhCda,0,1596171817.0525286
CF_Tcu_InhCda,0,1596171817.073308
CF_Tcu_InhCda,0,1596171817.1016018
CF_Tcu_InhCda,0,1596171817.122345
CF_Tcu_InhCda,0,1596171817.154521
CF_Tcu_InhCda,0,1596171817.163169
CF_Tcu_InhCda,0,1596171817.2621849
CF_Tcu_InhCda,0,1596171817.273438
CF_Tcu_InhCda,0,1596171817.282021
CF_Tcu_InhCda,0,1596171817.294061
CF_Tcu_InhCda,0,1596171817.302606
CF_Tcu_InhCda,0,1596171817.4331882
CF_Tcu_InhCda,0,1596171817.4537609
CF_Tcu_InhCda,0,1596171817.465994
CF_Tcu_InhCda,0,1596171817.474113
CF_Tcu_InhCda,0,1596171817.543901
CF_Tcu_InhCda,0,1596171817.6051562
CF_Tcu_InhCda,0,1596171817.6136
CF_Tcu_InhCda,0,1596171817.625621
CF_Tcu_InhCda,0,1596171817.6337864
CF_Tcu_InhCda,0,1596171817.6542401
CF_Tcu_InhCda,0,1596171817.6664
CF_Tcu_InhCda,0,1596171817.703443
CF_Tcu_InhCda,0,1596171817.752575
CF_Tcu_InhCda,0,1596171817.912768
CF_Tcu_InhCda,0,1596171817.924598
CF_Tcu_InhCda,0,1596171817.933274
CF_Tcu_InhCda,0,1596171818.0146348
CF_Tcu_InhCda,0,1596171818.051949
CF_Tcu_InhCda,0,1596171818.063901
CF_Tcu_InhCda,0,1596171818.0729141
CF_Tcu_InhCda,0,1596171818.08424
CF_Tcu_InhCda,0,1596171818.1048071
CF_Tcu_InhCda,0,1596171818.113479
CF_Tcu_InhCda,0,1596171818.121595
CF_Tcu_InhCda,0,1596171818.2324214
CF_Tcu_InhCda,0,1596171818.252667
CF_Tcu_InhCda,0,1596171818.264587
CF_Tcu_InhCda,0,1596171818.2732232
CF_Tcu_InhCda,0,1596171818.2850714
CF_Tcu_InhCda,0,1596171818.305502
CF_Tcu_InhCda,0,1596171818.334656
CF_Tcu_InhCda,0,1596171818.3751569
CF_Tcu_InhCda,0,1596171818.4123929
CF_Tcu_InhCda,0,1596171818.424316
CF_Tcu_InhCda,0,1596171818.4529831
CF_Tcu_InhCda,0,1596171818.511359
CF_Tcu_InhCda,0,1596171818.522707
CF_Tcu_InhCda,0,1596171818.534847
CF_Tcu_InhCda,0,1596171818.55542
CF_Tcu_InhCda,0,1596171818.563873
CF_Tcu_InhCda,0,1596171818.575837
CF_Tcu_InhCda,0,1596171818.5839946
CF_Tcu_InhCda,0,1596171818.6044958
CF_Tcu_InhCda,0,1596171818.694926
CF_Tcu_InhCda,0,1596171818.703212
CF_Tcu_InhCda,0,1596171818.715026
CF_Tcu_InhCda,0,1596171818.723661
CF_Tcu_InhCda,0,1596171818.7355268
CF_Tcu_InhCda,0,1596171818.895405
CF_Tcu_InhCda,0,1596171818.903579
CF_Tcu_InhCda,0,1596171818.915693
CF_Tcu_InhCda,0,1596171818.923994
CF_Tcu_InhCda,0,1596171819.002485
CF_Tcu_InhCda,0,1596171819.0141869
CF_Tcu_InhCda,0,1596171819.1826289
CF_Tcu_InhCda,0,1596171819.194724
CF_Tcu_InhCda,0,1596171819.2028742
CF_Tcu_InhCda,0,1596171819.2231948
CF_Tcu_InhCda,0,1596171819.2318661
CF_Tcu_InhCda,0,1596171819.2519226
CF_Tcu_InhCda,0,1596171819.325325
CF_Tcu_InhCda,0,1596171819.3339999
CF_Tcu_InhCda,0,1596171819.354021
CF_Tcu_InhCda,0,1596171819.412249
CF_Tcu_InhCda,0,1596171819.464758
CF_Tcu_InhCda,0,1596171819.4732642
CF_Tcu_InhCda,0,1596171819.513747
CF_Tcu_InhCda,0,1596171819.534195
CF_Tcu_InhCda,0,1596171819.5629454
CF_Tcu_InhCda,0,1596171819.583829
CF_Tcu_InhCda,0,1596171819.6734562
CF_Tcu_InhCda,0,1596171819.694162
CF_Tcu_InhCda,0,1596171819.7226589
CF_Tcu_InhCda,0,1596171819.763658
CF_Tcu_InhCda,0,1596171819.812779
CF_Tcu_InhCda,0,1596171819.825048
CF_Tcu_InhCda,0,1596171819.8335938
CF_Tcu_InhCda,0,1596171819.8624618
CF_Tcu_InhCda,0,1596171819.952576
CF_Tcu_InhCda,0,1596171819.9645572
CF_Tcu_InhCda,0,1596171819.973025
CF_Tcu_InhCda,0,1596171819.98473
CF_Tcu_InhCda,0,1596171820.013543
CF_Tcu_InhCda,0,1596171820.103647
CF_Tcu_InhCda,0,1596171820.11266
CF_Tcu_InhCda,0,1596171820.124067
CF_Tcu_InhCda,0,1596171820.16501
CF_Tcu_InhCda,0,1596171820.2345061
CF_Tcu_InhCda,0,1596171820.271868
CF_Tcu_InhCda,0,1596171820.284182
CF_Tcu_InhCda,0,1596171820.3043401
CF_Tcu_InhCda,0,1596171820.3946822
CF_Tcu_InhCda,0,1596171820.4029386
CF_Tcu_InhCda,0,1596171820.423223
CF_Tcu_InhCda,0,1596171820.464077
CF_Tcu_InhCda,0,1596171820.484421
CF_Tcu_InhCda,0,1596171820.4927628
CF_Tcu_InhCda,0,1596171820.5133078
CF_Tcu_InhCda,0,1596171820.5252972
CF_Tcu_InhCda,0,1596171820.554066
CF_Tcu_InhCda,0,1596171820.5629551
CF_Tcu_InhCda,0,1596171820.612352
CF_Tcu_InhCda,0,1596171820.661948
CF_Tcu_InhCda,0,1596171820.771528
CF_Tcu_InhCda,0,1596171820.783508
CF_Tcu_InhCda,0,1596171820.79203
CF_Tcu_InhCda,0,1596171820.812489
CF_Tcu_InhCda,0,1596171820.882142
CF_Tcu_InhCda,0,1596171820.923141
CF_Tcu_InhCda,0,1596171820.951956
CF_Tcu_InhCda,0,1596171821.041933
CF_Tcu_InhCda,0,1596171821.0624712
CF_Tcu_InhCda,0,1596171821.082836
CF_Tcu_InhCda,0,1596171821.2053518
CF_Tcu_InhCda,0,1596171821.2918
CF_Tcu_InhCda,0,1596171821.3036392
CF_Tcu_InhCda,0,1596171821.332884
CF_Tcu_InhCda,0,1596171821.381964
CF_Tcu_InhCda,0,1596171821.394006
CF_Tcu_InhCda,0,1596171821.40236
CF_Tcu_InhCda,0,1596171821.463711
CF_Tcu_InhCda,0,1596171821.524797
CF_Tcu_InhCda,0,1596171821.541646
CF_Tcu_InhCda,0,1596171821.553577
CF_Tcu_InhCda,0,1596171821.5945392
CF_Tcu_InhCda,0,1596171821.67235
CF_Tcu_InhCda,0,1596171821.6928349
CF_Tcu_InhCda,0,1596171821.7254012
CF_Tcu_InhCda,0,1596171821.7340438
CF_Tcu_InhCda,0,1596171821.782799
CF_Tcu_InhCda,0,1596171821.8238802
CF_Tcu_InhCda,0,1596171821.8324802
CF_Tcu_InhCda,0,1596171821.8529909
CF_Tcu_InhCda,0,1596171821.8648472
CF_Tcu_InhCda,0,1596171821.984058
CF_Tcu_InhCda,0,1596171822.003984
CF_Tcu_InhCda,0,1596171822.024558
CF_Tcu_InhCda,0,1596171822.053144
CF_Tcu_InhCda,0,1596171822.0626528
CF_Tcu_InhCda,0,1596171822.073601
CF_Tcu_InhCda,0,1596171822.1146274
CF_Tcu_InhCda,0,1596171822.1842551
CF_Tcu_InhCda,0,1596171822.2130241
CF_Tcu_InhCda,0,1596171822.2828858
CF_Tcu_InhCda,0,1596171822.312175
CF_Tcu_InhCda,0,1596171822.332339
CF_Tcu_InhCda,0,1596171822.3643801
CF_Tcu_InhCda,0,1596171822.372972
CF_Tcu_InhCda,0,1596171822.405519
CF_Tcu_InhCda,0,1596171822.475049
CF_Tcu_InhCda,0,1596171822.495651
CF_Tcu_InhCda,0,1596171822.5037599
CF_Tcu_InhCda,0,1596171822.5820348
CF_Tcu_InhCda,0,1596171822.5942366
CF_Tcu_InhCda,0,1596171822.6144829
CF_Tcu_InhCda,0,1596171822.655306
CF_Tcu_InhCda,0,1596171822.6638381
CF_Tcu_InhCda,0,1596171822.675752
CF_Tcu_InhCda,0,1596171822.6842828
CF_Tcu_InhCda,0,1596171822.71271
CF_Tcu_InhCda,0,1596171822.7416918
CF_Tcu_InhCda,0,1596171822.774042
CF_Tcu_InhCda,0,1596171822.794894
CF_Tcu_InhCda,0,1596171822.8067539
CF_Tcu_InhCda,0,1596171822.814869
CF_Tcu_InhCda,0,1596171822.925589
CF_Tcu_InhCda,0,1596171822.93385
CF_Tcu_InhCda,0,1596171822.9915519
CF_Tcu_InhCda,0,1596171823.036066
CF_Tcu_InhCda,0,1596171823.052562
CF_Tcu_InhCda,0,1596171823.0647418
CF_Tcu_InhCda,0,1596171823.1023471
CF_Tcu_InhCda,0,1596171823.1262634
CF_Tcu_InhCda,0,1596171823.1426716
CF_Tcu_InhCda,0,1596171823.154915
CF_Tcu_InhCda,0,1596171823.224503
CF_Tcu_InhCda,0,1596171823.2330651
CF_Tcu_InhCda,0,1596171823.2622929
CF_Tcu_InhCda,0,1596171823.294553
CF_Tcu_InhCda,0,1596171823.302371
CF_Tcu_InhCda,0,1596171823.311965
CF_Tcu_InhCda,0,1596171823.585079
CF_Tcu_InhCda,0,1596171823.5940301
CF_Tcu_InhCda,0,1596171823.724252
CF_Tcu_InhCda,0,1596171823.883917
CF_Tcu_InhCda,0,1596171823.892664
CF_Tcu_InhCda,0,1596171823.9044821
CF_Tcu_InhCda,0,1596171823.913092
CF_Tcu_InhCda,0,1596171823.925025
CF_Tcu_InhCda,0,1596171823.93355
CF_Tcu_InhCda,0,1596171823.974391
CF_Tcu_InhCda,0,1596171824.171069
CF_Tcu_InhCda,0,1596171824.2157118
CF_Tcu_InhCda,0,1596171824.223941
CF_Tcu_InhCda,0,1596171824.232512
CF_Tcu_InhCda,0,1596171824.285389
CF_Tcu_InhCda,0,1596171824.3345878
CF_Tcu_InhCda,0,1596171824.3632262
CF_Tcu_InhCda,0,1596171824.375351
CF_Tcu_InhCda,0,1596171824.4946382
CF_Tcu_InhCda,0,1596171824.5351412
CF_Tcu_InhCda,0,1596171824.555684
CF_Tcu_InhCda,0,1596171824.564217
CF_Tcu_InhCda,0,1596171824.666258
CF_Tcu_InhCda,0,1596171824.764457
CF_Tcu_InhCda,0,1596171824.781598
CF_Tcu_InhCda,0,1596171824.8056374
CF_Tcu_InhCda,0,1596171824.854764
CF_Tcu_InhCda,0,1596171824.8751204
CF_Tcu_InhCda,0,1596171824.891964
CF_Tcu_InhCda,0,1596171824.97349
CF_Tcu_InhCda,0,1596171824.994911
CF_Tcu_InhCda,0,1596171825.00226
CF_Tcu_InhCda,0,1596171825.051657
CF_Tcu_InhCda,0,1596171825.1331902
CF_Tcu_InhCda,0,1596171825.182785
CF_Tcu_InhCda,0,1596171825.1951802
CF_Tcu_InhCda,0,1596171825.20285
CF_Tcu_InhCda,0,1596171825.2151039
CF_Tcu_InhCda,0,1596171825.223365
CF_Tcu_InhCda,0,1596171825.2524204
CF_Tcu_InhCda,0,1596171825.2643108
CF_Tcu_InhCda,0,1596171825.2733538
CF_Tcu_InhCda,0,1596171825.2846868
CF_Tcu_InhCda,0,1596171825.3053439
CF_Tcu_InhCda,0,1596171825.3134148
CF_Tcu_InhCda,0,1596171825.3256042
CF_Tcu_InhCda,0,1596171825.3626306
CF_Tcu_InhCda,0,1596171825.403525
CF_Tcu_InhCda,0,1596171825.4648802
CF_Tcu_InhCda,0,1596171825.485462
CF_Tcu_InhCda,0,1596171825.5923252
CF_Tcu_InhCda,0,1596171825.604277
CF_Tcu_InhCda,0,1596171825.616446
CF_Tcu_InhCda,0,1596171825.735248
CF_Tcu_InhCda,0,1596171825.755743
CF_Tcu_InhCda,0,1596171825.8457909
CF_Tcu_InhCda,0,1596171825.895266
CF_Tcu_InhCda,0,1596171825.923732
CF_Tcu_InhCda,0,1596171825.9934444
CF_Tcu_InhCda,0,1596171826.054831
CF_Tcu_InhCda,0,1596171826.063592
CF_Tcu_InhCda,0,1596171826.0752056
CF_Tcu_InhCda,0,1596171826.096027
CF_Tcu_InhCda,0,1596171826.104274
CF_Tcu_InhCda,0,1596171826.112489
CF_Tcu_InhCda,0,1596171826.173585
CF_Tcu_InhCda,0,1596171826.1856859
CF_Tcu_InhCda,0,1596171826.2554822
CF_Tcu_InhCda,0,1596171826.2841332
CF_Tcu_InhCda,0,1596171826.35378
CF_Tcu_InhCda,0,1596171826.366004
CF_Tcu_InhCda,0,1596171826.403392
CF_Tcu_InhCda,0,1596171826.4151518
CF_Tcu_InhCda,0,1596171826.456204
CF_Tcu_InhCda,0,1596171826.493718
CF_Tcu_InhCda,0,1596171826.514106
CF_Tcu_InhCda,0,1596171826.534069
CF_Tcu_InhCda,0,1596171826.6651466
CF_Tcu_InhCda,0,1596171826.694758
CF_Tcu_InhCda,0,1596171826.7146614
CF_Tcu_InhCda,0,1596171826.7960482
CF_Tcu_InhCda,0,1596171826.816531
CF_Tcu_InhCda,0,1596171826.8247962
CF_Tcu_InhCda,0,1596171826.952194
CF_Tcu_InhCda,0,1596171826.964133
CF_Tcu_InhCda,0,1596171826.9727302
CF_Tcu_InhCda,0,1596171826.9968278
CF_Tcu_InhCda,0,1596171827.0050778
CF_Tcu_InhCda,0,1596171827.013718
CF_Tcu_InhCda,0,1596171827.062688
CF_Tcu_InhCda,0,1596171827.193609
CF_Tcu_InhCda,0,1596171827.254935
CF_Tcu_InhCda,0,1596171827.2835019
CF_Tcu_InhCda,0,1596171827.3244472
CF_Tcu_InhCda,0,1596171827.3326788
CF_Tcu_InhCda,0,1596171827.353409
CF_Tcu_InhCda,0,1596171827.4026306
CF_Tcu_InhCda,0,1596171827.41468
CF_Tcu_InhCda,0,1596171827.484307
CF_Tcu_InhCda,0,1596171827.574311
CF_Tcu_InhCda,0,1596171827.594677
CF_Tcu_InhCda,0,1596171827.615464
CF_Tcu_InhCda,0,1596171827.631912
CF_Tcu_InhCda,0,1596171827.6562939
CF_Tcu_InhCda,0,1596171827.6941
CF_Tcu_InhCda,0,1596171827.7053812
CF_Tcu_InhCda,0,1596171827.713908
CF_Tcu_InhCda,0,1596171827.8569012
CF_Tcu_InhCda,0,1596171827.885484
CF_Tcu_InhCda,0,1596171827.8941321
CF_Tcu_InhCda,0,1596171827.914742
CF_Tcu_InhCda,0,1596171828.013046
CF_Tcu_InhCda,0,1596171828.053466
CF_Tcu_InhCda,0,1596171828.1560001
CF_Tcu_InhCda,0,1596171828.2422988
CF_Tcu_InhCda,0,1596171828.254668
CF_Tcu_InhCda,0,1596171828.3156226
CF_Tcu_InhCda,0,1596171828.336283
CF_Tcu_InhCda,0,1596171828.3529232
CF_Tcu_InhCda,0,1596171828.4549286
CF_Tcu_InhCda,0,1596171828.475351
CF_Tcu_InhCda,0,1596171828.496192
CF_Tcu_InhCda,0,1596171828.5164518
CF_Tcu_InhCda,0,1596171828.55378
CF_Tcu_InhCda,0,1596171828.5821598
CF_Tcu_InhCda,0,1596171828.693027
CF_Tcu_InhCda,0,1596171828.753899
CF_Tcu_InhCda,0,1596171828.7745018
CF_Tcu_InhCda,0,1596171828.795119
CF_Tcu_InhCda,0,1596171828.852584
CF_Tcu_InhCda,0,1596171828.954594
CF_Tcu_InhCda,0,1596171828.983381
CF_Tcu_InhCda,0,1596171829.085664
CF_Tcu_InhCda,0,1596171829.0941162
CF_Tcu_InhCda,0,1596171829.1146922
CF_Tcu_InhCda,0,1596171829.1962054
CF_Tcu_InhCda,0,1596171829.213105
CF_Tcu_InhCda,0,1596171829.3354502
CF_Tcu_InhCda,0,1596171829.352337
CF_Tcu_InhCda,0,1596171829.364225
CF_Tcu_InhCda,0,1596171829.37661
CF_Tcu_InhCda,0,1596171829.38525
CF_Tcu_InhCda,0,1596171829.392949
CF_Tcu_InhCda,0,1596171829.413888
CF_Tcu_InhCda,0,1596171829.4256158
CF_Tcu_InhCda,0,1596171829.442451
CF_Tcu_InhCda,0,1596171829.51582
CF_Tcu_InhCda,0,1596171829.5243962
CF_Tcu_InhCda,0,1596171829.544654
CF_Tcu_InhCda,0,1596171829.6634881
CF_Tcu_InhCda,0,1596171829.675453
CF_Tcu_InhCda,0,1596171829.745282
CF_Tcu_InhCda,0,1596171829.794539
CF_Tcu_InhCda,0,1596171829.806412
CF_Tcu_InhCda,0,1596171829.814828
CF_Tcu_InhCda,0,1596171829.835161
CF_Tcu_InhCda,0,1596171829.954123
CF_Tcu_InhCda,0,1596171829.966143
CF_Tcu_InhCda,0,1596171829.9744911
CF_Tcu_InhCda,0,1596171829.9866474
CF_Tcu_InhCda,0,1596171829.995296
CF_Tcu_InhCda,0,1596171830.00325
CF_Tcu_InhCda,0,1596171830.015478
CF_Tcu_InhCda,0,1596171830.056378
CF_Tcu_InhCda,0,1596171830.094082
CF_Tcu_InhCda,0,1596171830.1055412
CF_Tcu_InhCda,0,1596171830.113834
CF_Tcu_InhCda,0,1596171830.2329571
CF_Tcu_InhCda,0,1596171830.253293
CF_Tcu_InhCda,0,1596171830.2653131
CF_Tcu_InhCda,0,1596171830.273955
CF_Tcu_InhCda,0,1596171830.285731
CF_Tcu_InhCda,0,1596171830.2947466
CF_Tcu_InhCda,0,1596171830.30261
CF_Tcu_InhCda,0,1596171830.3553882
CF_Tcu_InhCda,0,1596171830.4336386
CF_Tcu_InhCda,0,1596171830.6053374
CF_Tcu_InhCda,0,1596171830.6626132
CF_Tcu_InhCda,0,1596171830.674818
CF_Tcu_InhCda,0,1596171830.683616
CF_Tcu_InhCda,0,1596171830.715786
CF_Tcu_InhCda,0,1596171830.724449
CF_Tcu_InhCda,0,1596171830.736184
CF_Tcu_InhCda,0,1596171830.7650518
CF_Tcu_InhCda,0,1596171830.773279
CF_Tcu_InhCda,0,1596171830.85503
CF_Tcu_InhCda,0,1596171830.8635688
CF_Tcu_InhCda,0,1596171830.875585
CF_Tcu_InhCda,0,1596171830.8844314
CF_Tcu_InhCda,0,1596171830.892415
CF_Tcu_InhCda,0,1596171830.904267
CF_Tcu_InhCda,0,1596171830.912883
CF_Tcu_InhCda,0,1596171830.97383
CF_Tcu_InhCda,0,1596171830.994644
CF_Tcu_InhCda,0,1596171831.0436141
CF_Tcu_InhCda,0,1596171831.064356
CF_Tcu_InhCda,0,1596171831.08431
CF_Tcu_InhCda,0,1596171831.093143
CF_Tcu_InhCda,0,1596171831.154342
CF_Tcu_InhCda,0,1596171831.166238
CF_Tcu_InhCda,0,1596171831.1748981
CF_Tcu_InhCda,0,1596171831.183004
CF_Tcu_InhCda,0,1596171831.313735
CF_Tcu_InhCda,0,1596171831.3261
CF_Tcu_InhCda,0,1596171831.334642
CF_Tcu_InhCda,0,1596171831.3751118
CF_Tcu_InhCda,0,1596171831.395648
CF_Tcu_InhCda,0,1596171831.4124131
CF_Tcu_InhCda,0,1596171831.4735758
CF_Tcu_InhCda,0,1596171831.485706
CF_Tcu_InhCda,0,1596171831.506279
CF_Tcu_InhCda,0,1596171831.5841012
CF_Tcu_InhCda,0,1596171831.5932438
CF_Tcu_InhCda,0,1596171831.604723
CF_Tcu_InhCda,0,1596171831.613323
CF_Tcu_InhCda,0,1596171831.625012
CF_Tcu_InhCda,0,1596171831.633749
CF_Tcu_InhCda,0,1596171831.6660528
CF_Tcu_InhCda,0,1596171831.752609
CF_Tcu_InhCda,0,1596171831.764304
CF_Tcu_InhCda,0,1596171831.772912
CF_Tcu_InhCda,0,1596171831.78484
CF_Tcu_InhCda,0,1596171831.7939386
CF_Tcu_InhCda,0,1596171831.80541
CF_Tcu_InhCda,0,1596171831.817475
CF_Tcu_InhCda,0,1596171831.8630114
CF_Tcu_InhCda,0,1596171831.8748622
CF_Tcu_InhCda,0,1596171831.8836534
CF_Tcu_InhCda,0,1596171831.924055
CF_Tcu_InhCda,0,1596171831.9326124
CF_Tcu_InhCda,0,1596171832.0639591
CF_Tcu_InhCda,0,1596171832.1738088
CF_Tcu_InhCda,0,1596171832.1824698
CF_Tcu_InhCda,0,1596171832.194706
CF_Tcu_InhCda,0,1596171832.202935
CF_Tcu_InhCda,0,1596171832.21508
CF_Tcu_InhCda,0,1596171832.223562
CF_Tcu_InhCda,0,1596171832.235289
CF_Tcu_InhCda,0,1596171832.2844439
CF_Tcu_InhCda,0,1596171832.3541062
CF_Tcu_InhCda,0,1596171832.3627288
CF_Tcu_InhCda,0,1596171832.3745642
CF_Tcu_InhCda,0,1596171832.383332
CF_Tcu_InhCda,0,1596171832.39536
CF_Tcu_InhCda,0,1596171832.4072974
CF_Tcu_InhCda,0,1596171832.415502
CF_Tcu_InhCda,0,1596171832.4241118
CF_Tcu_InhCda,0,1596171832.4565349
CF_Tcu_InhCda,0,1596171832.485236
CF_Tcu_InhCda,0,1596171832.493908
CF_Tcu_InhCda,0,1596171832.505671
CF_Tcu_InhCda,0,1596171832.633197
CF_Tcu_InhCda,0,1596171832.673642
CF_Tcu_InhCda,0,1596171832.6951082
CF_Tcu_InhCda,0,1596171832.7229571
CF_Tcu_InhCda,0,1596171832.755929
CF_Tcu_InhCda,0,1596171832.804679
CF_Tcu_InhCda,0,1596171832.81326
CF_Tcu_InhCda,0,1596171832.8251731
CF_Tcu_InhCda,0,1596171832.83735
CF_Tcu_InhCda,0,1596171832.9525492
CF_Tcu_InhCda,0,1596171832.973085
CF_Tcu_InhCda,0,1596171832.994284
CF_Tcu_InhCda,0,1596171833.005458
CF_Tcu_InhCda,0,1596171833.0136056
CF_Tcu_InhCda,0,1596171833.022135
CF_Tcu_InhCda,0,1596171833.0547972
CF_Tcu_InhCda,0,1596171833.0630481
CF_Tcu_InhCda,0,1596171833.0749831
CF_Tcu_InhCda,0,1596171833.104079
CF_Tcu_InhCda,0,1596171833.124192
CF_Tcu_InhCda,0,1596171833.1939998
CF_Tcu_InhCda,0,1596171833.255265
CF_Tcu_InhCda,0,1596171833.26401
CF_Tcu_InhCda,0,1596171833.275852
CF_Tcu_InhCda,0,1596171833.2838118
CF_Tcu_InhCda,0,1596171833.2927518
CF_Tcu_InhCda,0,1596171833.3042982
CF_Tcu_InhCda,0,1596171833.313023
CF_Tcu_InhCda,0,1596171833.3620944
CF_Tcu_InhCda,0,1596171833.4030874
CF_Tcu_InhCda,0,1596171833.4273891
CF_Tcu_InhCda,0,1596171833.435364
CF_Tcu_InhCda,0,1596171833.484468
CF_Tcu_InhCda,0,1596171833.493272
CF_Tcu_InhCda,0,1596171833.5338411
CF_Tcu_InhCda,0,1596171833.5541592
CF_Tcu_InhCda,0,1596171833.5747411
CF_Tcu_InhCda,0,1596171833.63247
CF_Tcu_InhCda,0,1596171833.6528401
CF_Tcu_InhCda,0,1596171833.694475
CF_Tcu_InhCda,0,1596171833.705751
CF_Tcu_InhCda,0,1596171833.714199
CF_Tcu_InhCda,0,1596171833.7261882
CF_Tcu_InhCda,0,1596171833.7348714
CF_Tcu_InhCda,0,1596171833.7718189
CF_Tcu_InhCda,0,1596171833.7923222
CF_Tcu_InhCda,0,1596171833.804018
CF_Tcu_InhCda,0,1596171833.8450902
CF_Tcu_InhCda,0,1596171833.8654342
CF_Tcu_InhCda,0,1596171833.8739884
CF_Tcu_InhCda,0,1596171833.885917
CF_Tcu_InhCda,0,1596171833.8950381
CF_Tcu_InhCda,0,1596171833.906452
CF_Tcu_InhCda,0,1596171833.914768
CF_Tcu_InhCda,0,1596171834.033403
CF_Tcu_InhCda,0,1596171834.172982
CF_Tcu_InhCda,0,1596171834.184979
CF_Tcu_InhCda,0,1596171834.1935732
CF_Tcu_InhCda,0,1596171834.205544
CF_Tcu_InhCda,0,1596171834.213886
CF_Tcu_InhCda,0,1596171834.2259114
CF_Tcu_InhCda,0,1596171834.283295
CF_Tcu_InhCda,0,1596171834.2955046
CF_Tcu_InhCda,0,1596171834.304141
CF_Tcu_InhCda,0,1596171834.316072
CF_Tcu_InhCda,0,1596171834.324168
CF_Tcu_InhCda,0,1596171834.3326774
CF_Tcu_InhCda,0,1596171834.4553142
CF_Tcu_InhCda,0,1596171834.4635148
CF_Tcu_InhCda,0,1596171834.5541186
CF_Tcu_InhCda,0,1596171834.5827992
CF_Tcu_InhCda,0,1596171834.594811
CF_Tcu_InhCda,0,1596171834.6031194
CF_Tcu_InhCda,0,1596171834.61502
CF_Tcu_InhCda,0,1596171834.6237388
CF_Tcu_InhCda,0,1596171834.6354716
CF_Tcu_InhCda,0,1596171834.664177
CF_Tcu_InhCda,0,1596171834.672819
CF_Tcu_InhCda,0,1596171834.733724
CF_Tcu_InhCda,0,1596171834.7543
CF_Tcu_InhCda,0,1596171834.76282
CF_Tcu_InhCda,0,1596171834.774763
CF_Tcu_InhCda,0,1596171834.783294
CF_Tcu_InhCda,0,1596171834.7953322
CF_Tcu_InhCda,0,1596171834.807415
CF_Tcu_InhCda,0,1596171834.812282
CF_Tcu_InhCda,0,1596171834.823905
CF_Tcu_InhCda,0,1596171834.85658
CF_Tcu_InhCda,0,1596171834.873157
CF_Tcu_InhCda,0,1596171834.885241
CF_Tcu_InhCda,0,1596171834.9057338
CF_Tcu_InhCda,0,1596171834.922679
CF_Tcu_InhCda,0,1596171834.9550366
CF_Tcu_InhCda,0,1596171835.0537732
CF_Tcu_InhCda,0,1596171835.0655649
CF_Tcu_InhCda,0,1596171835.085978
CF_Tcu_InhCda,0,1596171835.204843
CF_Tcu_InhCda,0,1596171835.2134151
CF_Tcu_InhCda,0,1596171835.225287
CF_Tcu_InhCda,0,1596171835.2421849
CF_Tcu_InhCda,0,1596171835.2661538
CF_Tcu_InhCda,0,1596171835.283142
CF_Tcu_InhCda,0,1596171835.372891
CF_Tcu_InhCda,0,1596171835.38501
CF_Tcu_InhCda,0,1596171835.3940349
CF_Tcu_InhCda,0,1596171835.4055328
CF_Tcu_InhCda,0,1596171835.422681
CF_Tcu_InhCda,0,1596171835.434263
CF_Tcu_InhCda,0,1596171835.475051
CF_Tcu_InhCda,0,1596171835.483804
CF_Tcu_InhCda,0,1596171835.5041711
CF_Tcu_InhCda,0,1596171835.5243149
CF_Tcu_InhCda,0,1596171835.573424
CF_Tcu_InhCda,0,1596171835.6348102
CF_Tcu_InhCda,0,1596171835.65167
CF_Tcu_InhCda,0,1596171835.6722472
CF_Tcu_InhCda,0,1596171835.6840029
CF_Tcu_InhCda,0,1596171835.704842
CF_Tcu_InhCda,0,1596171835.713323
CF_Tcu_InhCda,0,1596171835.745507
CF_Tcu_InhCda,0,1596171835.827709
CF_Tcu_InhCda,0,1596171835.8318012
CF_Tcu_InhCda,0,1596171835.884664
CF_Tcu_InhCda,0,1596171835.962911
CF_Tcu_InhCda,0,1596171836.0239608
CF_Tcu_InhCda,0,1596171836.1057742
CF_Tcu_InhCda,0,1596171836.183706
CF_Tcu_InhCda,0,1596171836.2245688
CF_Tcu_InhCda,0,1596171836.265789
CF_Tcu_InhCda,0,1596171836.2860289
CF_Tcu_InhCda,0,1596171836.3065321
CF_Tcu_InhCda,0,1596171836.3233051
CF_Tcu_InhCda,0,1596171836.3639882
CF_Tcu_InhCda,0,1596171836.3844008
CF_Tcu_InhCda,0,1596171836.404935
CF_Tcu_InhCda,0,1596171836.413172
CF_Tcu_InhCda,0,1596171836.585084
CF_Tcu_InhCda,0,1596171836.6055622
CF_Tcu_InhCda,0,1596171836.6138961
CF_Tcu_InhCda,0,1596171836.622575
CF_Tcu_InhCda,0,1596171836.683876
CF_Tcu_InhCda,0,1596171836.782088
CF_Tcu_InhCda,0,1596171836.86363
CF_Tcu_InhCda,0,1596171836.982653
CF_Tcu_InhCda,0,1596171837.015121
CF_Tcu_InhCda,0,1596171837.0237274
CF_Tcu_InhCda,0,1596171837.035611
CF_Tcu_InhCda,0,1596171837.11349
CF_Tcu_InhCda,0,1596171837.1221368
CF_Tcu_InhCda,0,1596171837.1543226
CF_Tcu_InhCda,0,1596171837.162962
CF_Tcu_InhCda,0,1596171837.1748512
CF_Tcu_InhCda,0,1596171837.183409
CF_Tcu_InhCda,0,1596171837.2040262
CF_Tcu_InhCda,0,1596171837.2128868
CF_Tcu_InhCda,0,1596171837.224027
CF_Tcu_InhCda,0,1596171837.253163
CF_Tcu_InhCda,0,1596171837.281991
CF_Tcu_InhCda,0,1596171837.293888
CF_Tcu_InhCda,0,1596171837.302269
CF_Tcu_InhCda,0,1596171837.322746
CF_Tcu_InhCda,0,1596171837.404317
CF_Tcu_InhCda,0,1596171837.4330552
CF_Tcu_InhCda,0,1596171837.453856
CF_Tcu_InhCda,0,1596171837.465726
CF_Tcu_InhCda,0,1596171837.555864
CF_Tcu_InhCda,0,1596171837.625419
CF_Tcu_InhCda,0,1596171837.633952
CF_Tcu_InhCda,0,1596171837.695178
CF_Tcu_InhCda,0,1596171837.703325
CF_Tcu_InhCda,0,1596171837.7322779
CF_Tcu_InhCda,0,1596171837.773456
CF_Tcu_InhCda,0,1596171837.80194
CF_Tcu_InhCda,0,1596171837.813893
CF_Tcu_InhCda,0,1596171837.822083
CF_Tcu_InhCda,0,1596171837.834282
CF_Tcu_InhCda,0,1596171837.8548589
CF_Tcu_InhCda,0,1596171837.8834612
CF_Tcu_InhCda,0,1596171837.89572
CF_Tcu_InhCda,0,1596171837.904066
CF_Tcu_InhCda,0,1596171837.916124
CF_Tcu_InhCda,0,1596171837.9738789
CF_Tcu_InhCda,0,1596171838.055428
CF_Tcu_InhCda,0,1596171838.0638099
CF_Tcu_InhCda,0,1596171838.092724
CF_Tcu_InhCda,0,1596171838.1046891
CF_Tcu_InhCda,0,1596171838.113208
CF_Tcu_InhCda,0,1596171838.1624222
CF_Tcu_InhCda,0,1596171838.1825411
CF_Tcu_InhCda,0,1596171838.195013
CF_Tcu_InhCda,0,1596171838.354503
CF_Tcu_InhCda,0,1596171838.383289
CF_Tcu_InhCda,0,1596171838.456865
CF_Tcu_InhCda,0,1596171838.4940028
CF_Tcu_InhCda,0,1596171838.5059366
CF_Tcu_InhCda,0,1596171838.5142534
CF_Tcu_InhCda,0,1596171838.5347311
CF_Tcu_InhCda,0,1596171838.592981
CF_Tcu_InhCda,0,1596171838.674377
CF_Tcu_InhCda,0,1596171838.6947038
CF_Tcu_InhCda,0,1596171838.702949
CF_Tcu_InhCda,0,1596171838.715019
CF_Tcu_InhCda,0,1596171838.735328
CF_Tcu_InhCda,0,1596171838.915458
CF_Tcu_InhCda,0,1596171838.952854
CF_Tcu_InhCda,0,1596171838.964851
CF_Tcu_InhCda,0,1596171838.9734774
CF_Tcu_InhCda,0,1596171838.985173
CF_Tcu_InhCda,0,1596171838.9944391
CF_Tcu_InhCda,0,1596171839.005735
CF_Tcu_InhCda,0,1596171839.063169
CF_Tcu_InhCda,0,1596171839.132934
CF_Tcu_InhCda,0,1596171839.1736784
CF_Tcu_InhCda,0,1596171839.2349708
CF_Tcu_InhCda,0,1596171839.2729876
CF_Tcu_InhCda,0,1596171839.296663
CF_Tcu_InhCda,0,1596171839.304769
CF_Tcu_InhCda,0,1596171839.3132749
CF_Tcu_InhCda,0,1596171839.337398
CF_Tcu_InhCda,0,1596171839.366144
CF_Tcu_InhCda,0,1596171839.395108
CF_Tcu_InhCda,0,1596171839.403588
CF_Tcu_InhCda,0,1596171839.415235
CF_Tcu_InhCda,0,1596171839.435742
CF_Tcu_InhCda,0,1596171839.484866
CF_Tcu_InhCda,0,1596171839.5545864
CF_Tcu_InhCda,0,1596171839.563037
CF_Tcu_InhCda,0,1596171839.5832279
CF_Tcu_InhCda,0,1596171839.595737
CF_Tcu_InhCda,0,1596171839.60406
CF_Tcu_InhCda,0,1596171839.615926
CF_Tcu_InhCda,0,1596171839.6650398
CF_Tcu_InhCda,0,1596171839.702281
CF_Tcu_InhCda,0,1596171839.812899
CF_Tcu_InhCda,0,1596171839.865847
CF_Tcu_InhCda,0,1596171839.8739731
CF_Tcu_InhCda,0,1596171839.923799
CF_Tcu_InhCda,0,1596171839.95242
CF_Tcu_InhCda,0,1596171839.964121
CF_Tcu_InhCda,0,1596171839.984593
CF_Tcu_InhCda,0,1596171839.99317
CF_Tcu_InhCda,0,1596171840.0337641
CF_Tcu_InhCda,0,1596171840.054695
CF_Tcu_InhCda,0,1596171840.0830002
CF_Tcu_InhCda,0,1596171840.1034794
CF_Tcu_InhCda,0,1596171840.16503
CF_Tcu_InhCda,0,1596171840.1734972
CF_Tcu_InhCda,0,1596171840.185212
CF_Tcu_InhCda,0,1596171840.193681
CF_Tcu_InhCda,0,1596171840.205884
CF_Tcu_InhCda,0,1596171840.214294
CF_Tcu_InhCda,0,1596171840.226377
CF_Tcu_InhCda,0,1596171840.234508
CF_Tcu_InhCda,0,1596171840.267115
CF_Tcu_InhCda,0,1596171840.275326
CF_Tcu_InhCda,0,1596171840.295887
CF_Tcu_InhCda,0,1596171840.3040054
CF_Tcu_InhCda,0,1596171840.312619
CF_Tcu_InhCda,0,1596171840.324546
CF_Tcu_InhCda,0,1596171840.333042
CF_Tcu_InhCda,0,1596171840.4639
CF_Tcu_InhCda,0,1596171840.476258
CF_Tcu_InhCda,0,1596171840.484324
CF_Tcu_InhCda,0,1596171840.4965029
CF_Tcu_InhCda,0,1596171840.504765
CF_Tcu_InhCda,0,1596171840.513057
CF_Tcu_InhCda,0,1596171840.5252051
CF_Tcu_InhCda,0,1596171840.533555
CF_Tcu_InhCda,0,1596171840.574409
CF_Tcu_InhCda,0,1596171840.61552
CF_Tcu_InhCda,0,1596171840.6526651
CF_Tcu_InhCda,0,1596171840.7957141
CF_Tcu_InhCda,0,1596171840.824569
CF_Tcu_InhCda,0,1596171840.832875
CF_Tcu_InhCda,0,1596171840.923156
CF_Tcu_InhCda,0,1596171840.9348428
CF_Tcu_InhCda,0,1596171841.0741599
CF_Tcu_InhCda,0,1596171841.082658
CF_Tcu_InhCda,0,1596171841.094858
CF_Tcu_InhCda,0,1596171841.106817
CF_Tcu_InhCda,0,1596171841.1149778
CF_Tcu_InhCda,0,1596171841.135433
CF_Tcu_InhCda,0,1596171841.233807
CF_Tcu_InhCda,0,1596171841.254406
CF_Tcu_InhCda,0,1596171841.27475
CF_Tcu_InhCda,0,1596171841.353097
CF_Tcu_InhCda,0,1596171841.3649712
CF_Tcu_InhCda,0,1596171841.3935294
CF_Tcu_InhCda,0,1596171841.405819
CF_Tcu_InhCda,0,1596171841.4757972
CF_Tcu_InhCda,0,1596171841.4924052
CF_Tcu_InhCda,0,1596171841.50415
CF_Tcu_InhCda,0,1596171841.512815
CF_Tcu_InhCda,0,1596171841.5246382
CF_Tcu_InhCda,0,1596171841.5454886
CF_Tcu_InhCda,0,1596171841.565561
CF_Tcu_InhCda,0,1596171841.6726806
CF_Tcu_InhCda,0,1596171841.684254
CF_Tcu_InhCda,0,1596171841.6939678
CF_Tcu_InhCda,0,1596171841.7048378
CF_Tcu_InhCda,0,1596171841.7134118
CF_Tcu_InhCda,0,1596171841.725305
CF_Tcu_InhCda,0,1596171841.7749
CF_Tcu_InhCda,0,1596171841.803468
CF_Tcu_InhCda,0,1596171841.8153136
CF_Tcu_InhCda,0,1596171841.823606
CF_Tcu_InhCda,0,1596171841.8358662
CF_Tcu_InhCda,0,1596171842.0038722
CF_Tcu_InhCda,0,1596171842.015989
CF_Tcu_InhCda,0,1596171842.024618
CF_Tcu_InhCda,0,1596171842.036602
CF_Tcu_InhCda,0,1596171842.134943
CF_Tcu_InhCda,0,1596171842.155255
CF_Tcu_InhCda,0,1596171842.163592
CF_Tcu_InhCda,0,1596171842.1928241
CF_Tcu_InhCda,0,1596171842.2249491
CF_Tcu_InhCda,0,1596171842.2626019
CF_Tcu_InhCda,0,1596171842.274178
CF_Tcu_InhCda,0,1596171842.303166
CF_Tcu_InhCda,0,1596171842.3151536
CF_Tcu_InhCda,0,1596171842.335576
CF_Tcu_InhCda,0,1596171842.3732226
CF_Tcu_InhCda,0,1596171842.425646
CF_Tcu_InhCda,0,1596171842.434134
CF_Tcu_InhCda,0,1596171842.4549382
CF_Tcu_InhCda,0,1596171842.5649002
CF_Tcu_InhCda,0,1596171842.573454
CF_Tcu_InhCda,0,1596171842.585305
CF_Tcu_InhCda,0,1596171842.593848
CF_Tcu_InhCda,0,1596171842.605901
CF_Tcu_InhCda,0,1596171842.614484
CF_Tcu_InhCda,0,1596171842.634554
CF_Tcu_InhCda,0,1596171842.8234699
CF_Tcu_InhCda,0,1596171842.8639748
CF_Tcu_InhCda,0,1596171842.876256
CF_Tcu_InhCda,0,1596171842.8848028
CF_Tcu_InhCda,0,1596171842.913783
CF_Tcu_InhCda,0,1596171843.0359359
CF_Tcu_InhCda,0,1596171843.052918
CF_Tcu_InhCda,0,1596171843.154773
CF_Tcu_InhCda,0,1596171843.2044954
CF_Tcu_InhCda,0,1596171843.216146
CF_Tcu_InhCda,0,1596171843.236615
CF_Tcu_InhCda,0,1596171843.265444
CF_Tcu_InhCda,0,1596171843.273599
CF_Tcu_InhCda,0,1596171843.30271
CF_Tcu_InhCda,0,1596171843.3145142
CF_Tcu_InhCda,0,1596171843.393089
CF_Tcu_InhCda,0,1596171843.4623039
CF_Tcu_InhCda,0,1596171843.474198
CF_Tcu_InhCda,0,1596171843.482769
CF_Tcu_InhCda,0,1596171843.495151
CF_Tcu_InhCda,0,1596171843.5151892
CF_Tcu_InhCda,0,1596171843.523432
CF_Tcu_InhCda,0,1596171843.5319788
CF_Tcu_InhCda,0,1596171843.572989
CF_Tcu_InhCda,0,1596171843.6016152
CF_Tcu_InhCda,0,1596171843.6135528
CF_Tcu_InhCda,0,1596171843.654408
CF_Tcu_InhCda,0,1596171843.691873
CF_Tcu_InhCda,0,1596171843.753025
CF_Tcu_InhCda,0,1596171843.773597
CF_Tcu_InhCda,0,1596171843.7946649
CF_Tcu_InhCda,0,1596171843.8351429
CF_Tcu_InhCda,0,1596171843.875628
CF_Tcu_InhCda,0,1596171843.924721
CF_Tcu_InhCda,0,1596171843.9332638
CF_Tcu_InhCda,0,1596171843.9574
CF_Tcu_InhCda,0,1596171843.9620788
CF_Tcu_InhCda,0,1596171844.014851
CF_Tcu_InhCda,0,1596171844.0726552
CF_Tcu_InhCda,0,1596171844.093264
CF_Tcu_InhCda,0,1596171844.134069
CF_Tcu_InhCda,0,1596171844.182924
CF_Tcu_InhCda,0,1596171844.2323918
CF_Tcu_InhCda,0,1596171844.3752398
CF_Tcu_InhCda,0,1596171844.416144
CF_Tcu_InhCda,0,1596171844.453179
CF_Tcu_InhCda,0,1596171844.5228288
CF_Tcu_InhCda,0,1596171844.5349948
CF_Tcu_InhCda,0,1596171844.555616
CF_Tcu_InhCda,0,1596171844.6250956
CF_Tcu_InhCda,0,1596171844.6827528
CF_Tcu_InhCda,0,1596171844.703191
CF_Tcu_InhCda,0,1596171844.735788
CF_Tcu_InhCda,0,1596171844.752547
CF_Tcu_InhCda,0,1596171844.8339589
CF_Tcu_InhCda,0,1596171844.854642
CF_Tcu_InhCda,0,1596171844.875034
CF_Tcu_InhCda,0,1596171844.973834
CF_Tcu_InhCda,0,1596171845.005986
CF_Tcu_InhCda,0,1596171845.014299
CF_Tcu_InhCda,0,1596171845.026407
CF_Tcu_InhCda,0,1596171845.2731168
CF_Tcu_InhCda,0,1596171845.2968721
CF_Tcu_InhCda,0,1596171845.3545249
CF_Tcu_InhCda,0,1596171845.4035358
CF_Tcu_InhCda,0,1596171845.415516
CF_Tcu_InhCda,0,1596171845.45305
CF_Tcu_InhCda,0,1596171845.4773812
CF_Tcu_InhCda,0,1596171845.575312
CF_Tcu_InhCda,0,1596171845.604018
CF_Tcu_InhCda,0,1596171845.6126132
CF_Tcu_InhCda,0,1596171845.6246452
CF_Tcu_InhCda,0,1596171845.636815
CF_Tcu_InhCda,0,1596171845.641377
CF_Tcu_InhCda,0,1596171845.735116
CF_Tcu_InhCda,0,1596171845.7557206
CF_Tcu_InhCda,0,1596171845.89484
CF_Tcu_InhCda,0,1596171845.903511
CF_Tcu_InhCda,0,1596171845.9275188
CF_Tcu_InhCda,0,1596171845.9322
CF_Tcu_InhCda,0,1596171845.9933212
CF_Tcu_InhCda,0,1596171846.054668
CF_Tcu_InhCda,0,1596171846.075628
CF_Tcu_InhCda,0,1596171846.1736789
CF_Tcu_InhCda,0,1596171846.2025821
CF_Tcu_InhCda,0,1596171846.222837
CF_Tcu_InhCda,0,1596171846.263493
CF_Tcu_InhCda,0,1596171846.2839699
CF_Tcu_InhCda,0,1596171846.3248918
CF_Tcu_InhCda,0,1596171846.3335211
CF_Tcu_InhCda,0,1596171846.353938
CF_Tcu_InhCda,0,1596171846.4846132
CF_Tcu_InhCda,0,1596171846.493641
CF_Tcu_InhCda,0,1596171846.5051782
CF_Tcu_InhCda,0,1596171846.5137188
CF_Tcu_InhCda,0,1596171846.525525
CF_Tcu_InhCda,0,1596171846.534484
CF_Tcu_InhCda,0,1596171846.5546126
CF_Tcu_InhCda,0,1596171846.587
CF_Tcu_InhCda,0,1596171846.6034641
CF_Tcu_InhCda,0,1596171846.612167
CF_Tcu_InhCda,0,1596171846.623948
CF_Tcu_InhCda,0,1596171846.754965
CF_Tcu_InhCda,0,1596171846.763231
CF_Tcu_InhCda,0,1596171846.775408
CF_Tcu_InhCda,0,1596171846.783699
CF_Tcu_InhCda,0,1596171846.80411
CF_Tcu_InhCda,0,1596171846.8128119
CF_Tcu_InhCda,0,1596171846.824613
CF_Tcu_InhCda,0,1596171846.8738382
CF_Tcu_InhCda,0,1596171846.89446
CF_Tcu_InhCda,0,1596171846.9028609
CF_Tcu_InhCda,0,1596171846.914933
CF_Tcu_InhCda,0,1596171846.923241
CF_Tcu_InhCda,0,1596171846.935168
CF_Tcu_InhCda,0,1596171846.9639602
CF_Tcu_InhCda,0,1596171847.013062
CF_Tcu_InhCda,0,1596171847.03351
CF_Tcu_InhCda,0,1596171847.0543108
CF_Tcu_InhCda,0,1596171847.0627398
CF_Tcu_InhCda,0,1596171847.07443
CF_Tcu_InhCda,0,1596171847.0949721
CF_Tcu_InhCda,0,1596171847.11566
CF_Tcu_InhCda,0,1596171847.123692
CF_Tcu_InhCda,0,1596171847.135848
CF_Tcu_InhCda,0,1596171847.156357
CF_Tcu_InhCda,0,1596171847.164491
CF_Tcu_InhCda,0,1596171847.1857939
CF_Tcu_InhCda,0,1596171847.2136939
CF_Tcu_InhCda,0,1596171847.2225132
CF_Tcu_InhCda,0,1596171847.234205
CF_Tcu_InhCda,0,1596171847.2547212
CF_Tcu_InhCda,0,1596171847.2631712
CF_Tcu_InhCda,0,1596171847.27514
CF_Tcu_InhCda,0,1596171847.373471
CF_Tcu_InhCda,0,1596171847.3856132
CF_Tcu_InhCda,0,1596171847.3951054
CF_Tcu_InhCda,0,1596171847.4144561
CF_Tcu_InhCda,0,1596171847.423188
CF_Tcu_InhCda,0,1596171847.4348722
CF_Tcu_InhCda,0,1596171847.455353
CF_Tcu_InhCda,0,1596171847.4840071
CF_Tcu_InhCda,0,1596171847.5044339
CF_Tcu_InhCda,0,1596171847.565815
CF_Tcu_InhCda,0,1596171847.594791
CF_Tcu_InhCda,0,1596171847.623271
CF_Tcu_InhCda,0,1596171847.664151
CF_Tcu_InhCda,0,1596171847.672993
CF_Tcu_InhCda,0,1596171847.68466
CF_Tcu_InhCda,0,1596171847.6937091
CF_Tcu_InhCda,0,1596171847.705156
CF_Tcu_InhCda,0,1596171847.763129
CF_Tcu_InhCda,0,1596171847.78333
CF_Tcu_InhCda,0,1596171847.815665
CF_Tcu_InhCda,0,1596171847.844612
CF_Tcu_InhCda,0,1596171847.8529012
CF_Tcu_InhCda,0,1596171847.864935
CF_Tcu_InhCda,0,1596171847.87393
CF_Tcu_InhCda,0,1596171847.955125
CF_Tcu_InhCda,0,1596171847.963711
CF_Tcu_InhCda,0,1596171848.013248
CF_Tcu_InhCda,0,1596171848.024658
CF_Tcu_InhCda,0,1596171848.0368588
CF_Tcu_InhCda,0,1596171848.041418
CF_Tcu_InhCda,0,1596171848.057338
CF_Tcu_InhCda,0,1596171848.1231294
CF_Tcu_InhCda,0,1596171848.1519082
CF_Tcu_InhCda,0,1596171848.263698
CF_Tcu_InhCda,0,1596171848.315424
CF_Tcu_InhCda,0,1596171848.324126
CF_Tcu_InhCda,0,1596171848.3358774
CF_Tcu_InhCda,0,1596171848.385062
CF_Tcu_InhCda,0,1596171848.4549859
CF_Tcu_InhCda,0,1596171848.4629626
CF_Tcu_InhCda,0,1596171848.507927
CF_Tcu_InhCda,0,1596171848.545065
CF_Tcu_InhCda,0,1596171848.5652199
CF_Tcu_InhCda,0,1596171848.594135
CF_Tcu_InhCda,0,1596171848.634876
CF_Tcu_InhCda,0,1596171848.6555774
CF_Tcu_InhCda,0,1596171848.684138
CF_Tcu_InhCda,0,1596171848.724965
CF_Tcu_InhCda,0,1596171848.733769
CF_Tcu_InhCda,0,1596171848.754081
CF_Tcu_InhCda,0,1596171848.762481
CF_Tcu_InhCda,0,1596171848.774143
CF_Tcu_InhCda,0,1596171848.782784
CF_Tcu_InhCda,0,1596171848.8938599
CF_Tcu_InhCda,0,1596171848.913871
CF_Tcu_InhCda,0,1596171848.934438
CF_Tcu_InhCda,0,1596171848.954441
CF_Tcu_InhCda,0,1596171849.044641
CF_Tcu_InhCda,0,1596171849.07356
CF_Tcu_InhCda,0,1596171849.163302
CF_Tcu_InhCda,0,1596171849.1754801
CF_Tcu_InhCda,0,1596171849.196069
CF_Tcu_InhCda,0,1596171849.204525
CF_Tcu_InhCda,0,1596171849.224801
CF_Tcu_InhCda,0,1596171849.233313
CF_Tcu_InhCda,0,1596171849.3642938
CF_Tcu_InhCda,0,1596171849.3844638
CF_Tcu_InhCda,0,1596171849.462761
CF_Tcu_InhCda,0,1596171849.483072
CF_Tcu_InhCda,0,1596171849.503859
CF_Tcu_InhCda,0,1596171849.523713
CF_Tcu_InhCda,0,1596171849.535896
CF_Tcu_InhCda,0,1596171849.556489
CF_Tcu_InhCda,0,1596171849.564831
CF_Tcu_InhCda,0,1596171849.622596
CF_Tcu_InhCda,0,1596171849.6343179
CF_Tcu_InhCda,0,1596171849.654937
CF_Tcu_InhCda,0,1596171849.72445
CF_Tcu_InhCda,0,1596171849.794378
CF_Tcu_InhCda,0,1596171849.8146062
CF_Tcu_InhCda,0,1596171849.83496
CF_Tcu_InhCda,0,1596171849.855547
CF_Tcu_InhCda,0,1596171849.864119
CF_Tcu_InhCda,0,1596171849.872499
CF_Tcu_InhCda,0,1596171849.953846
CF_Tcu_InhCda,0,1596171849.965993
CF_Tcu_InhCda,0,1596171849.982795
CF_Tcu_InhCda,0,1596171850.093191
CF_Tcu_InhCda,0,1596171850.105512
CF_Tcu_InhCda,0,1596171850.212287
CF_Tcu_InhCda,0,1596171850.2241466
CF_Tcu_InhCda,0,1596171850.2531352
CF_Tcu_InhCda,0,1596171850.265242
CF_Tcu_InhCda,0,1596171850.2736168
CF_Tcu_InhCda,0,1596171850.363401
CF_Tcu_InhCda,0,1596171850.3756
CF_Tcu_InhCda,0,1596171850.3842602
CF_Tcu_InhCda,0,1596171850.404327
CF_Tcu_InhCda,0,1596171850.424882
CF_Tcu_InhCda,0,1596171850.433367
CF_Tcu_InhCda,0,1596171850.453474
CF_Tcu_InhCda,0,1596171850.4656909
CF_Tcu_InhCda,0,1596171850.494498
CF_Tcu_InhCda,0,1596171850.605085
CF_Tcu_InhCda,0,1596171850.642448
CF_Tcu_InhCda,0,1596171850.6541572
CF_Tcu_InhCda,0,1596171850.72382
CF_Tcu_InhCda,0,1596171850.732351
CF_Tcu_InhCda,0,1596171850.764819
CF_Tcu_InhCda,0,1596171850.772953
CF_Tcu_InhCda,0,1596171850.822495
CF_Tcu_InhCda,0,1596171850.834357
CF_Tcu_InhCda,0,1596171850.8550851
CF_Tcu_InhCda,0,1596171850.863491
CF_Tcu_InhCda,0,1596171850.8753731
CF_Tcu_InhCda,0,1596171850.9080482
CF_Tcu_InhCda,0,1596171850.9532669
CF_Tcu_InhCda,0,1596171851.014595
CF_Tcu_InhCda,0,1596171851.084287
CF_Tcu_InhCda,0,1596171851.113019
CF_Tcu_InhCda,0,1596171851.1250718
CF_Tcu_InhCda,0,1596171851.133852
CF_Tcu_InhCda,0,1596171851.166112
CF_Tcu_InhCda,0,1596171851.174387
CF_Tcu_InhCda,0,1596171851.305416
CF_Tcu_InhCda,0,1596171851.32242
CF_Tcu_InhCda,0,1596171851.3340971
CF_Tcu_InhCda,0,1596171851.3630562
CF_Tcu_InhCda,0,1596171851.403748
CF_Tcu_InhCda,0,1596171851.4529052
CF_Tcu_InhCda,0,1596171851.465154
CF_Tcu_InhCda,0,1596171851.583967
CF_Tcu_InhCda,0,1596171851.6044269
CF_Tcu_InhCda,0,1596171851.624907
CF_Tcu_InhCda,0,1596171851.686194
CF_Tcu_InhCda,0,1596171851.731789
CF_Tcu_InhCda,0,1596171851.752519
CF_Tcu_InhCda,0,1596171851.764268
CF_Tcu_InhCda,0,1596171851.882921
CF_Tcu_InhCda,0,1596171851.903698
CF_Tcu_InhCda,0,1596171851.924339
CF_Tcu_InhCda,0,1596171851.944609
CF_Tcu_InhCda,0,1596171851.953067
CF_Tcu_InhCda,0,1596171851.985308
CF_Tcu_InhCda,0,1596171852.1622558
CF_Tcu_InhCda,0,1596171852.182642
CF_Tcu_InhCda,0,1596171852.202784
CF_Tcu_InhCda,0,1596171852.223258
CF_Tcu_InhCda,0,1596171852.284294
CF_Tcu_InhCda,0,1596171852.411707
CF_Tcu_InhCda,0,1596171852.452553
CF_Tcu_InhCda,0,1596171852.4645019
CF_Tcu_InhCda,0,1596171852.4850562
CF_Tcu_InhCda,0,1596171852.5018966
CF_Tcu_InhCda,0,1596171852.665376
CF_Tcu_InhCda,0,1596171852.7024848
CF_Tcu_InhCda,0,1596171852.751745
CF_Tcu_InhCda,0,1596171852.763423
CF_Tcu_InhCda,0,1596171852.804585
CF_Tcu_InhCda,0,1596171852.86254
CF_Tcu_InhCda,0,1596171852.923533
CF_Tcu_InhCda,0,1596171852.9643052
CF_Tcu_InhCda,0,1596171853.083412
CF_Tcu_InhCda,0,1596171853.0953991
CF_Tcu_InhCda,0,1596171853.1120472
CF_Tcu_InhCda,0,1596171853.1239278
CF_Tcu_InhCda,0,1596171853.132511
CF_Tcu_InhCda,0,1596171853.23456
CF_Tcu_InhCda,0,1596171853.255043
CF_Tcu_InhCda,0,1596171853.2637062
CF_Tcu_InhCda,0,1596171853.272068
CF_Tcu_InhCda,0,1596171853.283726
CF_Tcu_InhCda,0,1596171853.353302
CF_Tcu_InhCda,0,1596171853.361923
CF_Tcu_InhCda,0,1596171853.394547
CF_Tcu_InhCda,0,1596171853.414709
CF_Tcu_InhCda,0,1596171853.42333
CF_Tcu_InhCda,0,1596171853.4725358
CF_Tcu_InhCda,0,1596171853.513464
CF_Tcu_InhCda,0,1596171853.525333
CF_Tcu_InhCda,0,1596171853.5335329
CF_Tcu_InhCda,0,1596171853.5662332
CF_Tcu_InhCda,0,1596171853.6236238
CF_Tcu_InhCda,0,1596171853.6935284
CF_Tcu_InhCda,0,1596171853.705502
CF_Tcu_InhCda,0,1596171853.7138948
CF_Tcu_InhCda,0,1596171853.726146
CF_Tcu_InhCda,0,1596171853.73486
CF_Tcu_InhCda,0,1596171853.7752
CF_Tcu_InhCda,0,1596171853.812727
CF_Tcu_InhCda,0,1596171853.857024
CF_Tcu_InhCda,0,1596171853.9554071
CF_Tcu_InhCda,0,1596171853.9840689
CF_Tcu_InhCda,0,1596171853.996299
CF_Tcu_InhCda,0,1596171854.004628
CF_Tcu_InhCda,0,1596171854.0131009
CF_Tcu_InhCda,0,1596171854.131798
CF_Tcu_InhCda,0,1596171854.156032
CF_Tcu_InhCda,0,1596171854.164897
CF_Tcu_InhCda,0,1596171854.2629054
CF_Tcu_InhCda,0,1596171854.2954211
CF_Tcu_InhCda,0,1596171854.303818
CF_Tcu_InhCda,0,1596171854.315743
CF_Tcu_InhCda,0,1596171854.324382
CF_Tcu_InhCda,0,1596171854.332675
CF_Tcu_InhCda,0,1596171854.3532329
CF_Tcu_InhCda,0,1596171854.4226902
CF_Tcu_InhCda,0,1596171854.5533721
CF_Tcu_InhCda,0,1596171854.574122
CF_Tcu_InhCda,0,1596171854.5861301
CF_Tcu_InhCda,0,1596171854.602946
CF_Tcu_InhCda,0,1596171854.614841
CF_Tcu_InhCda,0,1596171854.6235
CF_Tcu_InhCda,0,1596171854.6352382
CF_Tcu_InhCda,0,1596171854.6521091
CF_Tcu_InhCda,0,1596171854.664008
CF_Tcu_InhCda,0,1596171854.7254279
CF_Tcu_InhCda,0,1596171854.7341301
CF_Tcu_InhCda,0,1596171854.754051
CF_Tcu_InhCda,0,1596171854.7627618
CF_Tcu_InhCda,0,1596171854.815424
CF_Tcu_InhCda,0,1596171854.893777
CF_Tcu_InhCda,0,1596171854.9137769
CF_Tcu_InhCda,0,1596171854.943031
CF_Tcu_InhCda,0,1596171854.9753249
CF_Tcu_InhCda,0,1596171855.003936
CF_Tcu_InhCda,0,1596171855.016193
CF_Tcu_InhCda,0,1596171855.05351
CF_Tcu_InhCda,0,1596171855.065347
CF_Tcu_InhCda,0,1596171855.073935
CF_Tcu_InhCda,0,1596171855.1638882
CF_Tcu_InhCda,0,1596171855.1724956
CF_Tcu_InhCda,0,1596171855.1841571
CF_Tcu_InhCda,0,1596171855.1929688
CF_Tcu_InhCda,0,1596171855.2046812
CF_Tcu_InhCda,0,1596171855.213145
CF_Tcu_InhCda,0,1596171855.225136
CF_Tcu_InhCda,0,1596171855.3030589
CF_Tcu_InhCda,0,1596171855.335617
CF_Tcu_InhCda,0,1596171855.3643699
CF_Tcu_InhCda,0,1596171855.372874
CF_Tcu_InhCda,0,1596171855.4832242
CF_Tcu_InhCda,0,1596171855.495517
CF_Tcu_InhCda,0,1596171855.5039966
CF_Tcu_InhCda,0,1596171855.5241432
CF_Tcu_InhCda,0,1596171855.5325
CF_Tcu_InhCda,0,1596171855.565075
CF_Tcu_InhCda,0,1596171855.5940568
CF_Tcu_InhCda,0,1596171855.602304
CF_Tcu_InhCda,0,1596171855.6552398
CF_Tcu_InhCda,0,1596171855.6756551
CF_Tcu_InhCda,0,1596171855.7739608
CF_Tcu_InhCda,0,1596171855.782531
CF_Tcu_InhCda,0,1596171855.814925
CF_Tcu_InhCda,0,1596171855.823533
CF_Tcu_InhCda,0,1596171855.835399
CF_Tcu_InhCda,0,1596171855.8438232
CF_Tcu_InhCda,0,1596171855.872632
CF_Tcu_InhCda,0,1596171855.913195
CF_Tcu_InhCda,0,1596171855.925428
CF_Tcu_InhCda,0,1596171855.934155
CF_Tcu_InhCda,0,1596171855.962795
CF_Tcu_InhCda,0,1596171856.0732238
CF_Tcu_InhCda,0,1596171856.093787
CF_Tcu_InhCda,0,1596171856.1020699
CF_Tcu_InhCda,0,1596171856.1139731
CF_Tcu_InhCda,0,1596171856.1262898
CF_Tcu_InhCda,0,1596171856.142717
CF_Tcu_InhCda,0,1596171856.192136
CF_Tcu_InhCda,0,1596171856.232658
CF_Tcu_InhCda,0,1596171856.2779028
CF_Tcu_InhCda,0,1596171856.282082
CF_Tcu_InhCda,0,1596171856.351986
CF_Tcu_InhCda,0,1596171856.3638668
CF_Tcu_InhCda,0,1596171856.3760948
CF_Tcu_InhCda,0,1596171856.3931048
CF_Tcu_InhCda,0,1596171856.4049811
CF_Tcu_InhCda,0,1596171856.4744198
CF_Tcu_InhCda,0,1596171856.503241
CF_Tcu_InhCda,0,1596171856.515274
CF_Tcu_InhCda,0,1596171856.55262
CF_Tcu_InhCda,0,1596171856.663063
CF_Tcu_InhCda,0,1596171856.675081
CF_Tcu_InhCda,0,1596171856.683957
CF_Tcu_InhCda,0,1596171856.695654
CF_Tcu_InhCda,0,1596171856.703733
CF_Tcu_InhCda,0,1596171856.715974
CF_Tcu_InhCda,0,1596171856.7246
CF_Tcu_InhCda,0,1596171856.736487
CF_Tcu_InhCda,0,1596171856.777577
CF_Tcu_InhCda,0,1596171856.802377
CF_Tcu_InhCda,0,1596171856.814233
CF_Tcu_InhCda,0,1596171856.822819
CF_Tcu_InhCda,0,1596171856.834712
CF_Tcu_InhCda,0,1596171856.8927946
CF_Tcu_InhCda,0,1596171856.924855
CF_Tcu_InhCda,0,1596171856.9658408
CF_Tcu_InhCda,0,1596171856.994826
CF_Tcu_InhCda,0,1596171857.003079
CF_Tcu_InhCda,0,1596171857.023571
CF_Tcu_InhCda,0,1596171857.093816
CF_Tcu_InhCda,0,1596171857.1546838
CF_Tcu_InhCda,0,1596171857.166496
CF_Tcu_InhCda,0,1596171857.252925
CF_Tcu_InhCda,0,1596171857.264991
CF_Tcu_InhCda,0,1596171857.273442
CF_Tcu_InhCda,0,1596171857.334391
CF_Tcu_InhCda,0,1596171857.354878
CF_Tcu_InhCda,0,1596171857.36342
CF_Tcu_InhCda,0,1596171857.3759758
CF_Tcu_InhCda,0,1596171857.4244962
CF_Tcu_InhCda,0,1596171857.4536211
CF_Tcu_InhCda,0,1596171857.5555382
CF_Tcu_InhCda,0,1596171857.572393
CF_Tcu_InhCda,0,1596171857.5842571
CF_Tcu_InhCda,0,1596171857.593298
CF_Tcu_InhCda,0,1596171857.6048694
CF_Tcu_InhCda,0,1596171857.617002
CF_Tcu_InhCda,0,1596171857.625209
CF_Tcu_InhCda,0,1596171857.6337762
CF_Tcu_InhCda,0,1596171857.674407
CF_Tcu_InhCda,0,1596171857.854666
CF_Tcu_InhCda,0,1596171857.863153
CF_Tcu_InhCda,0,1596171857.883755
CF_Tcu_InhCda,0,1596171857.9037619
CF_Tcu_InhCda,0,1596171857.9123518
CF_Tcu_InhCda,0,1596171857.924282
CF_Tcu_InhCda,0,1596171858.0143082
CF_Tcu_InhCda,0,1596171858.0553238
CF_Tcu_InhCda,0,1596171858.0724618
CF_Tcu_InhCda,0,1596171858.1536
CF_Tcu_InhCda,0,1596171858.174158
CF_Tcu_InhCda,0,1596171858.195564
CF_Tcu_InhCda,0,1596171858.203306
CF_Tcu_InhCda,0,1596171858.2151942
CF_Tcu_InhCda,0,1596171858.223573
CF_Tcu_InhCda,0,1596171858.2354732
CF_Tcu_InhCda,0,1596171858.276543
CF_Tcu_InhCda,0,1596171858.322062
CF_Tcu_InhCda,0,1596171858.333807
CF_Tcu_InhCda,0,1596171858.432662
CF_Tcu_InhCda,0,1596171858.461817
CF_Tcu_InhCda,0,1596171858.473079
CF_Tcu_InhCda,0,1596171858.4940548
CF_Tcu_InhCda,0,1596171858.5059311
CF_Tcu_InhCda,0,1596171858.514386
CF_Tcu_InhCda,0,1596171858.53454
CF_Tcu_InhCda,0,1596171858.59236
CF_Tcu_InhCda,0,1596171858.743666
CF_Tcu_InhCda,0,1596171858.7556322
CF_Tcu_InhCda,0,1596171858.7640011
CF_Tcu_InhCda,0,1596171858.772625
CF_Tcu_InhCda,0,1596171858.784375
CF_Tcu_InhCda,0,1596171858.7934358
CF_Tcu_InhCda,0,1596171858.915601
CF_Tcu_InhCda,0,1596171858.952708
CF_Tcu_InhCda,0,1596171859.0956721
CF_Tcu_InhCda,0,1596171859.116086
CF_Tcu_InhCda,0,1596171859.1366231
CF_Tcu_InhCda,0,1596171859.1739051
CF_Tcu_InhCda,0,1596171859.182058
CF_Tcu_InhCda,0,1596171859.19419
CF_Tcu_InhCda,0,1596171859.2025108
CF_Tcu_InhCda,0,1596171859.2146206
CF_Tcu_InhCda,0,1596171859.223017
CF_Tcu_InhCda,0,1596171859.2349222
CF_Tcu_InhCda,0,1596171859.263834
CF_Tcu_InhCda,0,1596171859.333437
CF_Tcu_InhCda,0,1596171859.353683
CF_Tcu_InhCda,0,1596171859.382873
CF_Tcu_InhCda,0,1596171859.395005
CF_Tcu_InhCda,0,1596171859.4151194
CF_Tcu_InhCda,0,1596171859.4232874
CF_Tcu_InhCda,0,1596171859.5625432
CF_Tcu_InhCda,0,1596171859.664931
CF_Tcu_InhCda,0,1596171859.6946614
CF_Tcu_InhCda,0,1596171859.7146368
CF_Tcu_InhCda,0,1596171859.734587
CF_Tcu_InhCda,0,1596171859.751256
CF_Tcu_InhCda,0,1596171859.804262
CF_Tcu_InhCda,0,1596171859.813035
CF_Tcu_InhCda,0,1596171859.833279
CF_Tcu_InhCda,0,1596171859.8823462
CF_Tcu_InhCda,0,1596171859.9149592
CF_Tcu_InhCda,0,1596171859.9724221
CF_Tcu_InhCda,0,1596171859.9932108
CF_Tcu_InhCda,0,1596171860.0135524
CF_Tcu_InhCda,0,1596171860.132344
CF_Tcu_InhCda,0,1596171860.1773682
CF_Tcu_InhCda,0,1596171860.2430902
CF_Tcu_InhCda,0,1596171860.2548609
CF_Tcu_InhCda,0,1596171860.275224
CF_Tcu_InhCda,0,1596171860.292094
CF_Tcu_InhCda,0,1596171860.414537
CF_Tcu_InhCda,0,1596171860.484133
CF_Tcu_InhCda,0,1596171860.5950024
CF_Tcu_InhCda,0,1596171860.615191
CF_Tcu_InhCda,0,1596171860.713815
CF_Tcu_InhCda,0,1596171860.7339199
CF_Tcu_InhCda,0,1596171860.852822
CF_Tcu_InhCda,0,1596171860.873327
CF_Tcu_InhCda,0,1596171860.8940108
CF_Tcu_InhCda,0,1596171860.905851
CF_Tcu_InhCda,0,1596171860.9143946
CF_Tcu_InhCda,0,1596171860.934731
CF_Tcu_InhCda,0,1596171860.9551628
CF_Tcu_InhCda,0,1596171861.00441
CF_Tcu_InhCda,0,1596171861.036989
CF_Tcu_InhCda,0,1596171861.0537338
CF_Tcu_InhCda,0,1596171861.103058
CF_Tcu_InhCda,0,1596171861.155753
CF_Tcu_InhCda,0,1596171861.1727624
CF_Tcu_InhCda,0,1596171861.184541
CF_Tcu_InhCda,0,1596171861.2425432
CF_Tcu_InhCda,0,1596171861.303607
CF_Tcu_InhCda,0,1596171861.332514
CF_Tcu_InhCda,0,1596171861.483934
CF_Tcu_InhCda,0,1596171861.4957938
CF_Tcu_InhCda,0,1596171861.5039392
CF_Tcu_InhCda,0,1596171861.5125034
CF_Tcu_InhCda,0,1596171861.5245109
CF_Tcu_InhCda,0,1596171861.557142
CF_Tcu_InhCda,0,1596171861.5943966
CF_Tcu_InhCda,0,1596171861.6026769
CF_Tcu_InhCda,0,1596171861.6146321
CF_Tcu_InhCda,0,1596171861.7538626
CF_Tcu_InhCda,0,1596171861.7623632
CF_Tcu_InhCda,0,1596171861.774239
CF_Tcu_InhCda,0,1596171861.7831206
CF_Tcu_InhCda,0,1596171861.7951539
CF_Tcu_InhCda,0,1596171861.8152242
CF_Tcu_InhCda,0,1596171861.8234901
CF_Tcu_InhCda,0,1596171861.856214
CF_Tcu_InhCda,0,1596171861.913677
CF_Tcu_InhCda,0,1596171861.926024
CF_Tcu_InhCda,0,1596171861.934644
CF_Tcu_InhCda,0,1596171861.9422662
CF_Tcu_InhCda,0,1596171861.954575
CF_Tcu_InhCda,0,1596171861.975626
CF_Tcu_InhCda,0,1596171862.065053
CF_Tcu_InhCda,0,1596171862.175688
CF_Tcu_InhCda,0,1596171862.224847
CF_Tcu_InhCda,0,1596171862.2333632
CF_Tcu_InhCda,0,1596171862.265694
CF_Tcu_InhCda,0,1596171862.2947376
CF_Tcu_InhCda,0,1596171862.335317
CF_Tcu_InhCda,0,1596171862.3641028
CF_Tcu_InhCda,0,1596171862.3765788
CF_Tcu_InhCda,0,1596171862.384563
CF_Tcu_InhCda,0,1596171862.393465
CF_Tcu_InhCda,0,1596171862.4050028
CF_Tcu_InhCda,0,1596171862.413839
CF_Tcu_InhCda,0,1596171862.425608
CF_Tcu_InhCda,0,1596171862.442728
CF_Tcu_InhCda,0,1596171862.4542544
CF_Tcu_InhCda,0,1596171862.474632
CF_Tcu_InhCda,0,1596171862.4828632
CF_Tcu_InhCda,0,1596171862.564745
CF_Tcu_InhCda,0,1596171862.62253
CF_Tcu_InhCda,0,1596171862.6631448
CF_Tcu_InhCda,0,1596171862.6754339
CF_Tcu_InhCda,0,1596171862.684051
CF_Tcu_InhCda,0,1596171862.7945051
CF_Tcu_InhCda,0,1596171862.823173
CF_Tcu_InhCda,0,1596171862.925159
CF_Tcu_InhCda,0,1596171862.9744198
CF_Tcu_InhCda,0,1596171862.982916
CF_Tcu_InhCda,0,1596171862.995025
CF_Tcu_InhCda,0,1596171863.03214
CF_Tcu_InhCda,0,1596171863.0729911
CF_Tcu_InhCda,0,1596171863.084928
CF_Tcu_InhCda,0,1596171863.0939062
CF_Tcu_InhCda,0,1596171863.122339
CF_Tcu_InhCda,0,1596171863.134092
CF_Tcu_InhCda,0,1596171863.2330868
CF_Tcu_InhCda,0,1596171863.253278
CF_Tcu_InhCda,0,1596171863.273774
CF_Tcu_InhCda,0,1596171863.2856288
CF_Tcu_InhCda,0,1596171863.29794
CF_Tcu_InhCda,0,1596171863.314327
CF_Tcu_InhCda,0,1596171863.4130614
CF_Tcu_InhCda,0,1596171863.5558982
CF_Tcu_InhCda,0,1596171863.572775
CF_Tcu_InhCda,0,1596171863.6220524
CF_Tcu_InhCda,0,1596171863.67474
CF_Tcu_InhCda,0,1596171863.6834679
CF_Tcu_InhCda,0,1596171863.695173
CF_Tcu_InhCda,0,1596171863.752683
CF_Tcu_InhCda,0,1596171863.773382
CF_Tcu_InhCda,0,1596171863.8344529
CF_Tcu_InhCda,0,1596171863.867101
CF_Tcu_InhCda,0,1596171863.8753989
CF_Tcu_InhCda,0,1596171863.8837368
CF_Tcu_InhCda,0,1596171863.8959
CF_Tcu_InhCda,0,1596171863.904644
CF_Tcu_InhCda,0,1596171863.916373
CF_Tcu_InhCda,0,1596171863.933328
CF_Tcu_InhCda,0,1596171863.953307
CF_Tcu_InhCda,0,1596171863.973858
CF_Tcu_InhCda,0,1596171863.9822366
CF_Tcu_InhCda,0,1596171863.994466
CF_Tcu_InhCda,0,1596171864.003066
CF_Tcu_InhCda,0,1596171864.0639338
CF_Tcu_InhCda,0,1596171864.1627538
CF_Tcu_InhCda,0,1596171864.174506
CF_Tcu_InhCda,0,1596171864.1955352
CF_Tcu_InhCda,0,1596171864.26451
CF_Tcu_InhCda,0,1596171864.3228269
CF_Tcu_InhCda,0,1596171864.354659
CF_Tcu_InhCda,0,1596171864.42423
CF_Tcu_InhCda,0,1596171864.436401
CF_Tcu_InhCda,0,1596171864.534805
CF_Tcu_InhCda,0,1596171864.5516179
CF_Tcu_InhCda,0,1596171864.563494
CF_Tcu_InhCda,0,1596171864.5758471
CF_Tcu_InhCda,0,1596171864.625081
CF_Tcu_InhCda,0,1596171864.7031932
CF_Tcu_InhCda,0,1596171864.715061
CF_Tcu_InhCda,0,1596171864.735476
CF_Tcu_InhCda,0,1596171864.752248
CF_Tcu_InhCda,0,1596171864.764195
CF_Tcu_InhCda,0,1596171864.776623
CF_Tcu_InhCda,0,1596171864.785266
CF_Tcu_InhCda,0,1596171864.793947
CF_Tcu_InhCda,0,1596171864.837964
CF_Tcu_InhCda,0,1596171864.862784
CF_Tcu_InhCda,0,1596171864.874917
CF_Tcu_InhCda,0,1596171864.883323
CF_Tcu_InhCda,0,1596171864.915643
CF_Tcu_InhCda,0,1596171865.002156
CF_Tcu_InhCda,0,1596171865.014067
CF_Tcu_InhCda,0,1596171865.034411
CF_Tcu_InhCda,0,1596171865.054956
CF_Tcu_InhCda,0,1596171865.075617
CF_Tcu_InhCda,0,1596171865.0836089
CF_Tcu_InhCda,0,1596171865.133156
CF_Tcu_InhCda,0,1596171865.1860359
CF_Tcu_InhCda,0,1596171865.195264
CF_Tcu_InhCda,0,1596171865.203056
CF_Tcu_InhCda,0,1596171865.2146502
CF_Tcu_InhCda,0,1596171865.3048
CF_Tcu_InhCda,0,1596171865.3421178
CF_Tcu_InhCda,0,1596171865.3746462
CF_Tcu_InhCda,0,1596171865.383133
CF_Tcu_InhCda,0,1596171865.395303
CF_Tcu_InhCda,0,1596171865.4031966
CF_Tcu_InhCda,0,1596171865.4240038
CF_Tcu_InhCda,0,1596171865.4527528
CF_Tcu_InhCda,0,1596171865.464652
CF_Tcu_InhCda,0,1596171865.485112
CF_Tcu_InhCda,0,1596171865.505568
CF_Tcu_InhCda,0,1596171865.5137599
CF_Tcu_InhCda,0,1596171865.6039839
CF_Tcu_InhCda,0,1596171865.6243382
CF_Tcu_InhCda,0,1596171865.632912
CF_Tcu_InhCda,0,1596171865.653409
CF_Tcu_InhCda,0,1596171865.665349
CF_Tcu_InhCda,0,1596171865.6858208
CF_Tcu_InhCda,0,1596171865.69435
CF_Tcu_InhCda,0,1596171865.726988
CF_Tcu_InhCda,0,1596171865.751851
CF_Tcu_InhCda,0,1596171865.763572
CF_Tcu_InhCda,0,1596171865.833189
CF_Tcu_InhCda,0,1596171865.914999
CF_Tcu_InhCda,0,1596171865.9355881
CF_Tcu_InhCda,0,1596171865.9643278
CF_Tcu_InhCda,0,1596171866.0257359
CF_Tcu_InhCda,0,1596171866.054441
CF_Tcu_InhCda,0,1596171866.0626972
CF_Tcu_InhCda,0,1596171866.074902
CF_Tcu_InhCda,0,1596171866.0835874
CF_Tcu_InhCda,0,1596171866.0953786
CF_Tcu_InhCda,0,1596171866.115841
CF_Tcu_InhCda,0,1596171866.132651
CF_Tcu_InhCda,0,1596171866.1649132
CF_Tcu_InhCda,0,1596171866.255158
CF_Tcu_InhCda,0,1596171866.263633
CF_Tcu_InhCda,0,1596171866.275732
CF_Tcu_InhCda,0,1596171866.284208
CF_Tcu_InhCda,0,1596171866.292613
CF_Tcu_InhCda,0,1596171866.324758
CF_Tcu_InhCda,0,1596171866.345249
CF_Tcu_InhCda,0,1596171866.533594
CF_Tcu_InhCda,0,1596171866.54262
CF_Tcu_InhCda,0,1596171866.566421
CF_Tcu_InhCda,0,1596171866.5745568
CF_Tcu_InhCda,0,1596171866.5868318
CF_Tcu_InhCda,0,1596171866.6154294
CF_Tcu_InhCda,0,1596171866.673465
CF_Tcu_InhCda,0,1596171866.685129
CF_Tcu_InhCda,0,1596171866.69467
CF_Tcu_InhCda,0,1596171866.754863
CF_Tcu_InhCda,0,1596171866.7921422
CF_Tcu_InhCda,0,1596171866.844917
CF_Tcu_InhCda,0,1596171866.881968
CF_Tcu_InhCda,0,1596171866.914574
CF_Tcu_InhCda,0,1596171866.923054
CF_Tcu_InhCda,0,1596171866.9638891
CF_Tcu_InhCda,0,1596171866.9761279
CF_Tcu_InhCda,0,1596171866.9843142
CF_Tcu_InhCda,0,1596171867.00467
CF_Tcu_InhCda,0,1596171867.013283
CF_Tcu_InhCda,0,1596171867.1029232
CF_Tcu_InhCda,0,1596171867.1151302
CF_Tcu_InhCda,0,1596171867.1237068
CF_Tcu_InhCda,0,1596171867.152503
CF_Tcu_InhCda,0,1596171867.164342
CF_Tcu_InhCda,0,1596171867.184802
CF_Tcu_InhCda,0,1596171867.1932461
CF_Tcu_InhCda,0,1596171867.2547019
CF_Tcu_InhCda,0,1596171867.2835572
CF_Tcu_InhCda,0,1596171867.303987
CF_Tcu_InhCda,0,1596171867.3532698
CF_Tcu_InhCda,0,1596171867.422941
CF_Tcu_InhCda,0,1596171867.4347
CF_Tcu_InhCda,0,1596171867.4634619
CF_Tcu_InhCda,0,1596171867.524864
CF_Tcu_InhCda,0,1596171867.5535119
CF_Tcu_InhCda,0,1596171867.565669
CF_Tcu_InhCda,0,1596171867.586186
CF_Tcu_InhCda,0,1596171867.6274571
CF_Tcu_InhCda,0,1596171867.635332
CF_Tcu_InhCda,0,1596171867.664001
CF_Tcu_InhCda,0,1596171867.7049491
CF_Tcu_InhCda,0,1596171867.762778
CF_Tcu_InhCda,0,1596171867.7868931
CF_Tcu_InhCda,0,1596171867.8730502
CF_Tcu_InhCda,0,1596171867.8852038
CF_Tcu_InhCda,0,1596171867.9056811
CF_Tcu_InhCda,0,1596171867.943611
CF_Tcu_InhCda,0,1596171867.9549599
CF_Tcu_InhCda,0,1596171867.983568
CF_Tcu_InhCda,0,1596171868.02443
CF_Tcu_InhCda,0,1596171868.06561
CF_Tcu_InhCda,0,1596171868.082527
CF_Tcu_InhCda,0,1596171868.123344
CF_Tcu_InhCda,0,1596171868.184205
CF_Tcu_InhCda,0,1596171868.283136
CF_Tcu_InhCda,0,1596171868.3235161
CF_Tcu_InhCda,0,1596171868.4632616
CF_Tcu_InhCda,0,1596171868.491829
CF_Tcu_InhCda,0,1596171868.503658
CF_Tcu_InhCda,0,1596171868.602442
CF_Tcu_InhCda,0,1596171868.663806
CF_Tcu_InhCda,0,1596171868.71265
CF_Tcu_InhCda,0,1596171868.7622778
CF_Tcu_InhCda,0,1596171868.7825222
CF_Tcu_InhCda,0,1596171868.9337778
CF_Tcu_InhCda,0,1596171868.962786
CF_Tcu_InhCda,0,1596171868.9747012
CF_Tcu_InhCda,0,1596171868.983211
CF_Tcu_InhCda,0,1596171869.0525608
CF_Tcu_InhCda,0,1596171869.064827
CF_Tcu_InhCda,0,1596171869.0734878
CF_Tcu_InhCda,0,1596171869.0852964
CF_Tcu_InhCda,0,1596171869.0939212
CF_Tcu_InhCda,0,1596171869.1308658
CF_Tcu_InhCda,0,1596171869.192617
CF_Tcu_InhCda,0,1596171869.2041712
CF_Tcu_InhCda,0,1596171869.213008
CF_Tcu_InhCda,0,1596171869.224534
CF_Tcu_InhCda,0,1596171869.352162
CF_Tcu_InhCda,0,1596171869.363897
CF_Tcu_InhCda,0,1596171869.3762019
CF_Tcu_InhCda,0,1596171869.396566
CF_Tcu_InhCda,0,1596171869.425281
CF_Tcu_InhCda,0,1596171869.454002
CF_Tcu_InhCda,0,1596171869.474423
CF_Tcu_InhCda,0,1596171869.51537
CF_Tcu_InhCda,0,1596171869.523597
CF_Tcu_InhCda,0,1596171869.535775
CF_Tcu_InhCda,0,1596171869.5562394
CF_Tcu_InhCda,0,1596171869.564515
CF_Tcu_InhCda,0,1596171869.5731132
CF_Tcu_InhCda,0,1596171869.585044
CF_Tcu_InhCda,0,1596171869.614295
CF_Tcu_InhCda,0,1596171869.634151
CF_Tcu_InhCda,0,1596171869.654651
CF_Tcu_InhCda,0,1596171869.6750581
CF_Tcu_InhCda,0,1596171869.752916
CF_Tcu_InhCda,0,1596171869.77339
CF_Tcu_InhCda,0,1596171869.781964
CF_Tcu_InhCda,0,1596171869.7944682
CF_Tcu_InhCda,0,1596171869.8060231
CF_Tcu_InhCda,0,1596171869.834774
CF_Tcu_InhCda,0,1596171869.8553214
CF_Tcu_InhCda,0,1596171869.863544
CF_Tcu_InhCda,0,1596171869.884024
CF_Tcu_InhCda,0,1596171869.9536269
CF_Tcu_InhCda,0,1596171869.96221
CF_Tcu_InhCda,0,1596171869.974199
CF_Tcu_InhCda,0,1596171869.9863226
CF_Tcu_InhCda,0,1596171869.994627
CF_Tcu_InhCda,0,1596171870.003008
CF_Tcu_InhCda,0,1596171870.0523672
CF_Tcu_InhCda,0,1596171870.0846481
CF_Tcu_InhCda,0,1596171870.154311
CF_Tcu_InhCda,0,1596171870.174885
CF_Tcu_InhCda,0,1596171870.223953
CF_Tcu_InhCda,0,1596171870.2733881
CF_Tcu_InhCda,0,1596171870.2853029
CF_Tcu_InhCda,0,1596171870.4041321
CF_Tcu_InhCda,0,1596171870.412689
CF_Tcu_InhCda,0,1596171870.4246762
CF_Tcu_InhCda,0,1596171870.436883
CF_Tcu_InhCda,0,1596171870.44506
CF_Tcu_InhCda,0,1596171870.4533372
CF_Tcu_InhCda,0,1596171870.465547
CF_Tcu_InhCda,0,1596171870.4742332
CF_Tcu_InhCda,0,1596171870.5029519
CF_Tcu_InhCda,0,1596171870.5351892
CF_Tcu_InhCda,0,1596171870.563832
CF_Tcu_InhCda,0,1596171870.593533
CF_Tcu_InhCda,0,1596171870.6950312
CF_Tcu_InhCda,0,1596171870.7236269
CF_Tcu_InhCda,0,1596171870.7359538
CF_Tcu_InhCda,0,1596171870.8054712
CF_Tcu_InhCda,0,1596171870.834178
CF_Tcu_InhCda,0,1596171870.854744
CF_Tcu_InhCda,0,1596171870.864489
CF_Tcu_InhCda,0,1596171870.875249
CF_Tcu_InhCda,0,1596171870.88746
CF_Tcu_InhCda,0,1596171870.904032
CF_Tcu_InhCda,0,1596171870.912596
CF_Tcu_InhCda,0,1596171871.002752
CF_Tcu_InhCda,0,1596171871.0143418
CF_Tcu_InhCda,0,1596171871.023175
CF_Tcu_InhCda,0,1596171871.0348842
CF_Tcu_InhCda,0,1596171871.0554812
CF_Tcu_InhCda,0,1596171871.0724099
CF_Tcu_InhCda,0,1596171871.10463
CF_Tcu_InhCda,0,1596171871.133217
CF_Tcu_InhCda,0,1596171871.153706
CF_Tcu_InhCda,0,1596171871.1659448
CF_Tcu_InhCda,0,1596171871.17421
CF_Tcu_InhCda,0,1596171871.202916
CF_Tcu_InhCda,0,1596171871.3221738
CF_Tcu_InhCda,0,1596171871.35441
CF_Tcu_InhCda,0,1596171871.366588
CF_Tcu_InhCda,0,1596171871.395233
CF_Tcu_InhCda,0,1596171871.403873
CF_Tcu_InhCda,0,1596171871.4650311
CF_Tcu_InhCda,0,1596171871.485368
CF_Tcu_InhCda,0,1596171871.5018408
CF_Tcu_InhCda,0,1596171871.6246722
CF_Tcu_InhCda,0,1596171871.7066
CF_Tcu_InhCda,0,1596171871.752275
CF_Tcu_InhCda,0,1596171871.764003
CF_Tcu_InhCda,0,1596171871.772508
CF_Tcu_InhCda,0,1596171871.784502
CF_Tcu_InhCda,0,1596171871.821999
CF_Tcu_InhCda,0,1596171871.833503
CF_Tcu_InhCda,0,1596171871.854105
CF_Tcu_InhCda,0,1596171871.8631759
CF_Tcu_InhCda,0,1596171871.89505
CF_Tcu_InhCda,0,1596171871.9153938
CF_Tcu_InhCda,0,1596171871.9324641
CF_Tcu_InhCda,0,1596171871.956411
CF_Tcu_InhCda,0,1596171871.9647212
CF_Tcu_InhCda,0,1596171872.022485
CF_Tcu_InhCda,0,1596171872.0342138
CF_Tcu_InhCda,0,1596171872.0547688
CF_Tcu_InhCda,0,1596171872.0838249
CF_Tcu_InhCda,0,1596171872.112475
CF_Tcu_InhCda,0,1596171872.194276
CF_Tcu_InhCda,0,1596171872.214422
CF_Tcu_InhCda,0,1596171872.2230568
CF_Tcu_InhCda,0,1596171872.235001
CF_Tcu_InhCda,0,1596171872.2724988
CF_Tcu_InhCda,0,1596171872.33325
CF_Tcu_InhCda,0,1596171872.374251
CF_Tcu_InhCda,0,1596171872.4322212
CF_Tcu_InhCda,0,1596171872.5545368
CF_Tcu_InhCda,0,1596171872.566675
CF_Tcu_InhCda,0,1596171872.574841
CF_Tcu_InhCda,0,1596171872.63286
CF_Tcu_InhCda,0,1596171872.653217
CF_Tcu_InhCda,0,1596171872.665013
CF_Tcu_InhCda,0,1596171872.673592
CF_Tcu_InhCda,0,1596171872.685447
CF_Tcu_InhCda,0,1596171872.804375
CF_Tcu_InhCda,0,1596171872.816489
CF_Tcu_InhCda,0,1596171872.8330374
CF_Tcu_InhCda,0,1596171872.8415608
CF_Tcu_InhCda,0,1596171872.853479
CF_Tcu_InhCda,0,1596171872.865665
CF_Tcu_InhCda,0,1596171872.87396
CF_Tcu_InhCda,0,1596171872.9031098
CF_Tcu_InhCda,0,1596171872.9727292
CF_Tcu_InhCda,0,1596171873.0746882
CF_Tcu_InhCda,0,1596171873.0951722
CF_Tcu_InhCda,0,1596171873.103219
CF_Tcu_InhCda,0,1596171873.123806
CF_Tcu_InhCda,0,1596171873.234294
CF_Tcu_InhCda,0,1596171873.254875
CF_Tcu_InhCda,0,1596171873.263425
CF_Tcu_InhCda,0,1596171873.275423
CF_Tcu_InhCda,0,1596171873.283978
CF_Tcu_InhCda,0,1596171873.3163798
CF_Tcu_InhCda,0,1596171873.414506
CF_Tcu_InhCda,0,1596171873.423168
CF_Tcu_InhCda,0,1596171873.4350278
CF_Tcu_InhCda,0,1596171873.455559
CF_Tcu_InhCda,0,1596171873.4639142
CF_Tcu_InhCda,0,1596171873.4727561
CF_Tcu_InhCda,0,1596171873.5538619
CF_Tcu_InhCda,0,1596171873.574346
CF_Tcu_InhCda,0,1596171873.6234932
CF_Tcu_InhCda,0,1596171873.693291
CF_Tcu_InhCda,0,1596171873.7134721
CF_Tcu_InhCda,0,1596171873.722244
CF_Tcu_InhCda,0,1596171873.7340481
CF_Tcu_InhCda,0,1596171873.7549794
CF_Tcu_InhCda,0,1596171873.763138
CF_Tcu_InhCda,0,1596171873.803724
CF_Tcu_InhCda,0,1596171873.8241131
CF_Tcu_InhCda,0,1596171873.8651578
CF_Tcu_InhCda,0,1596171873.885538
CF_Tcu_InhCda,0,1596171873.8946161
CF_Tcu_InhCda,0,1596171873.91824
CF_Tcu_InhCda,0,1596171873.9432306
CF_Tcu_InhCda,0,1596171873.9838998
CF_Tcu_InhCda,0,1596171874.024775
CF_Tcu_InhCda,0,1596171874.0740428
CF_Tcu_InhCda,0,1596171874.103106
CF_Tcu_InhCda,0,1596171874.1558342
CF_Tcu_InhCda,0,1596171874.164763
CF_Tcu_InhCda,0,1596171874.1765828
CF_Tcu_InhCda,0,1596171874.2134929
CF_Tcu_InhCda,0,1596171874.221942
CF_Tcu_InhCda,0,1596171874.283092
CF_Tcu_InhCda,0,1596171874.3034072
CF_Tcu_InhCda,0,1596171874.311955
CF_Tcu_InhCda,0,1596171874.3238454
CF_Tcu_InhCda,0,1596171874.335994
CF_Tcu_InhCda,0,1596171874.356547
CF_Tcu_InhCda,0,1596171874.4753714
CF_Tcu_InhCda,0,1596171874.5942981
CF_Tcu_InhCda,0,1596171874.602932
CF_Tcu_InhCda,0,1596171874.6148524
CF_Tcu_InhCda,0,1596171874.623347
CF_Tcu_InhCda,0,1596171874.635103
CF_Tcu_InhCda,0,1596171874.655587
CF_Tcu_InhCda,0,1596171874.7539759
CF_Tcu_InhCda,0,1596171874.782969
CF_Tcu_InhCda,0,1596171874.794843
CF_Tcu_InhCda,0,1596171874.893565
CF_Tcu_InhCda,0,1596171874.954907
CF_Tcu_InhCda,0,1596171875.012286
CF_Tcu_InhCda,0,1596171875.065216
CF_Tcu_InhCda,0,1596171875.0734024
CF_Tcu_InhCda,0,1596171875.085666
CF_Tcu_InhCda,0,1596171875.224839
CF_Tcu_InhCda,0,1596171875.2334929
CF_Tcu_InhCda,0,1596171875.253964
CF_Tcu_InhCda,0,1596171875.2740688
CF_Tcu_InhCda,0,1596171875.3031
CF_Tcu_InhCda,0,1596171875.3318222
CF_Tcu_InhCda,0,1596171875.372918
CF_Tcu_InhCda,0,1596171875.5034294
CF_Tcu_InhCda,0,1596171875.5121331
CF_Tcu_InhCda,0,1596171875.523944
CF_Tcu_InhCda,0,1596171875.581748
CF_Tcu_InhCda,0,1596171875.622261
CF_Tcu_InhCda,0,1596171875.634461
CF_Tcu_InhCda,0,1596171875.6429632
CF_Tcu_InhCda,0,1596171875.6549382
CF_Tcu_InhCda,0,1596171875.675503
CF_Tcu_InhCda,0,1596171875.683564
CF_Tcu_InhCda,0,1596171875.73278
CF_Tcu_InhCda,0,1596171875.7533278
CF_Tcu_InhCda,0,1596171875.782379
CF_Tcu_InhCda,0,1596171875.835189
CF_Tcu_InhCda,0,1596171875.8556511
CF_Tcu_InhCda,0,1596171875.8725278
CF_Tcu_InhCda,0,1596171875.954056
CF_Tcu_InhCda,0,1596171875.995032
CF_Tcu_InhCda,0,1596171876.015411
CF_Tcu_InhCda,0,1596171876.07322
CF_Tcu_InhCda,0,1596171876.134183
CF_Tcu_InhCda,0,1596171876.1548269
CF_Tcu_InhCda,0,1596171876.162913
CF_Tcu_InhCda,0,1596171876.1751091
CF_Tcu_InhCda,0,1596171876.1955366
CF_Tcu_InhCda,0,1596171876.224256
CF_Tcu_InhCda,0,1596171876.2329311
CF_Tcu_InhCda,0,1596171876.2734542
CF_Tcu_InhCda,0,1596171876.3432784
CF_Tcu_InhCda,0,1596171876.3722038
CF_Tcu_InhCda,0,1596171876.3840034
CF_Tcu_InhCda,0,1596171876.453723
CF_Tcu_InhCda,0,1596171876.4745321
CF_Tcu_InhCda,0,1596171876.5522661
CF_Tcu_InhCda,0,1596171876.646168
CF_Tcu_InhCda,0,1596171876.674767
CF_Tcu_InhCda,0,1596171876.712042
CF_Tcu_InhCda,0,1596171876.732725
CF_Tcu_InhCda,0,1596171876.756758
CF_Tcu_InhCda,0,1596171876.77355
CF_Tcu_InhCda,0,1596171876.8345149
CF_Tcu_InhCda,0,1596171876.9415882
CF_Tcu_InhCda,0,1596171876.9534578
CF_Tcu_InhCda,0,1596171876.973797
CF_Tcu_InhCda,0,1596171877.014997
CF_Tcu_InhCda,0,1596171877.035286
CF_Tcu_InhCda,0,1596171877.072459
CF_Tcu_InhCda,0,1596171877.09385
CF_Tcu_InhCda,0,1596171877.133507
CF_Tcu_InhCda,0,1596171877.1541991
CF_Tcu_InhCda,0,1596171877.174479
CF_Tcu_InhCda,0,1596171877.272921
CF_Tcu_InhCda,0,1596171877.322313
CF_Tcu_InhCda,0,1596171877.3343859
CF_Tcu_InhCda,0,1596171877.3549461
CF_Tcu_InhCda,0,1596171877.3630278
CF_Tcu_InhCda,0,1596171877.404191
CF_Tcu_InhCda,0,1596171877.416259
CF_Tcu_InhCda,0,1596171877.424338
CF_Tcu_InhCda,0,1596171877.465271
CF_Tcu_InhCda,0,1596171877.473554
CF_Tcu_InhCda,0,1596171877.5025802
CF_Tcu_InhCda,0,1596171877.5840461
CF_Tcu_InhCda,0,1596171877.592489
CF_Tcu_InhCda,0,1596171877.6046212
CF_Tcu_InhCda,0,1596171877.613097
CF_Tcu_InhCda,0,1596171877.6250694
CF_Tcu_InhCda,0,1596171877.6336858
CF_Tcu_InhCda,0,1596171877.6422222
CF_Tcu_InhCda,0,1596171877.653731
CF_Tcu_InhCda,0,1596171877.6660118
CF_Tcu_InhCda,0,1596171877.6745882
CF_Tcu_InhCda,0,1596171877.682745
CF_Tcu_InhCda,0,1596171877.7441
CF_Tcu_InhCda,0,1596171877.7524962
CF_Tcu_InhCda,0,1596171877.764313
CF_Tcu_InhCda,0,1596171877.776744
CF_Tcu_InhCda,0,1596171877.784725
CF_Tcu_InhCda,0,1596171877.821808
CF_Tcu_InhCda,0,1596171877.8832068
CF_Tcu_InhCda,0,1596171877.895492
CF_Tcu_InhCda,0,1596171877.903809
CF_Tcu_InhCda,0,1596171877.9240232
CF_Tcu_InhCda,0,1596171877.961618
CF_Tcu_InhCda,0,1596171878.005975
CF_Tcu_InhCda,0,1596171878.055037
CF_Tcu_InhCda,0,1596171878.063711
CF_Tcu_InhCda,0,1596171878.075603
CF_Tcu_InhCda,0,1596171878.084238
CF_Tcu_InhCda,0,1596171878.092861
CF_Tcu_InhCda,0,1596171878.1537359
CF_Tcu_InhCda,0,1596171878.214955
CF_Tcu_InhCda,0,1596171878.235222
CF_Tcu_InhCda,0,1596171878.2645054
CF_Tcu_InhCda,0,1596171878.272717
CF_Tcu_InhCda,0,1596171878.305056
CF_Tcu_InhCda,0,1596171878.3335538
CF_Tcu_InhCda,0,1596171878.3627908
CF_Tcu_InhCda,0,1596171878.4153461
CF_Tcu_InhCda,0,1596171878.423792
CF_Tcu_InhCda,0,1596171878.4851468
CF_Tcu_InhCda,0,1596171878.494302
CF_Tcu_InhCda,0,1596171878.5226882
CF_Tcu_InhCda,0,1596171878.534323
CF_Tcu_InhCda,0,1596171878.6652222
CF_Tcu_InhCda,0,1596171878.673627
CF_Tcu_InhCda,0,1596171878.7149286
CF_Tcu_InhCda,0,1596171878.8250961
CF_Tcu_InhCda,0,1596171878.8539
CF_Tcu_InhCda,0,1596171878.86615
CF_Tcu_InhCda,0,1596171878.8748212
CF_Tcu_InhCda,0,1596171878.8824806
CF_Tcu_InhCda,0,1596171878.907028
CF_Tcu_InhCda,0,1596171878.956203
CF_Tcu_InhCda,0,1596171878.96443
CF_Tcu_InhCda,0,1596171878.9728892
CF_Tcu_InhCda,0,1596171878.9847946
CF_Tcu_InhCda,0,1596171879.103618
CF_Tcu_InhCda,0,1596171879.1120448
CF_Tcu_InhCda,0,1596171879.13271
CF_Tcu_InhCda,0,1596171879.165118
CF_Tcu_InhCda,0,1596171879.1942608
CF_Tcu_InhCda,0,1596171879.214241
CF_Tcu_InhCda,0,1596171879.2757812
CF_Tcu_InhCda,0,1596171879.2844002
CF_Tcu_InhCda,0,1596171879.373952
CF_Tcu_InhCda,0,1596171879.4029539
CF_Tcu_InhCda,0,1596171879.423141
CF_Tcu_InhCda,0,1596171879.435344
CF_Tcu_InhCda,0,1596171879.5050292
CF_Tcu_InhCda,0,1596171879.562724
CF_Tcu_InhCda,0,1596171879.5747302
CF_Tcu_InhCda,0,1596171879.5951822
CF_Tcu_InhCda,0,1596171879.603321
CF_Tcu_InhCda,0,1596171879.664842
CF_Tcu_InhCda,0,1596171879.701942
CF_Tcu_InhCda,0,1596171879.713963
CF_Tcu_InhCda,0,1596171879.7224162
CF_Tcu_InhCda,0,1596171879.7342858
CF_Tcu_InhCda,0,1596171879.751265
CF_Tcu_InhCda,0,1596171879.7630248
CF_Tcu_InhCda,0,1596171879.8128178
CF_Tcu_InhCda,0,1596171879.824494
CF_Tcu_InhCda,0,1596171879.8535151
CF_Tcu_InhCda,0,1596171879.8653939
CF_Tcu_InhCda,0,1596171879.984168
CF_Tcu_InhCda,0,1596171880.004888
CF_Tcu_InhCda,0,1596171880.025196
CF_Tcu_InhCda,0,1596171880.053926
CF_Tcu_InhCda,0,1596171880.066127
CF_Tcu_InhCda,0,1596171880.1235619
CF_Tcu_InhCda,0,1596171880.172692
CF_Tcu_InhCda,0,1596171880.184885
CF_Tcu_InhCda,0,1596171880.275025
CF_Tcu_InhCda,0,1596171880.283603
CF_Tcu_InhCda,0,1596171880.2954614
CF_Tcu_InhCda,0,1596171880.373376
CF_Tcu_InhCda,0,1596171880.434744
CF_Tcu_InhCda,0,1596171880.4552062
CF_Tcu_InhCda,0,1596171880.476038
CF_Tcu_InhCda,0,1596171880.4839306
CF_Tcu_InhCda,0,1596171880.6032221
CF_Tcu_InhCda,0,1596171880.614929
CF_Tcu_InhCda,0,1596171880.623416
CF_Tcu_InhCda,0,1596171880.635421
CF_Tcu_InhCda,0,1596171880.652214
CF_Tcu_InhCda,0,1596171880.664248
CF_Tcu_InhCda,0,1596171880.696897
CF_Tcu_InhCda,0,1596171880.7337544
CF_Tcu_InhCda,0,1596171880.893775
CF_Tcu_InhCda,0,1596171880.9057028
CF_Tcu_InhCda,0,1596171880.914116
CF_Tcu_InhCda,0,1596171880.9264538
CF_Tcu_InhCda,0,1596171880.996167
CF_Tcu_InhCda,0,1596171881.053211
CF_Tcu_InhCda,0,1596171881.065439
CF_Tcu_InhCda,0,1596171881.073884
CF_Tcu_InhCda,0,1596171881.1930418
CF_Tcu_InhCda,0,1596171881.233889
CF_Tcu_InhCda,0,1596171881.254515
CF_Tcu_InhCda,0,1596171881.294978
CF_Tcu_InhCda,0,1596171881.35629
CF_Tcu_InhCda,0,1596171881.364634
CF_Tcu_InhCda,0,1596171881.422192
CF_Tcu_InhCda,0,1596171881.5041542
CF_Tcu_InhCda,0,1596171881.516094
CF_Tcu_InhCda,0,1596171881.524353
CF_Tcu_InhCda,0,1596171881.5569868
CF_Tcu_InhCda,0,1596171881.565133
CF_Tcu_InhCda,0,1596171881.634795
CF_Tcu_InhCda,0,1596171881.663981
CF_Tcu_InhCda,0,1596171881.7212071
CF_Tcu_InhCda,0,1596171881.782589
CF_Tcu_InhCda,0,1596171881.794616
CF_Tcu_InhCda,0,1596171881.803277
CF_Tcu_InhCda,0,1596171881.8151958
CF_Tcu_InhCda,0,1596171881.8940954
CF_Tcu_InhCda,0,1596171881.921963
CF_Tcu_InhCda,0,1596171881.933794
CF_Tcu_InhCda,0,1596171881.954324
CF_Tcu_InhCda,0,1596171881.96649
CF_Tcu_InhCda,0,1596171881.975586
CF_Tcu_InhCda,0,1596171882.0324152
CF_Tcu_InhCda,0,1596171882.085252
CF_Tcu_InhCda,0,1596171882.1139898
CF_Tcu_InhCda,0,1596171882.13453
CF_Tcu_InhCda,0,1596171882.155102
CF_Tcu_InhCda,0,1596171882.1631956
CF_Tcu_InhCda,0,1596171882.171952
CF_Tcu_InhCda,0,1596171882.1837199
CF_Tcu_InhCda,0,1596171882.2127788
CF_Tcu_InhCda,0,1596171882.2246618
CF_Tcu_InhCda,0,1596171882.233134
CF_Tcu_InhCda,0,1596171882.262018
CF_Tcu_InhCda,0,1596171882.2944498
CF_Tcu_InhCda,0,1596171882.322994
CF_Tcu_InhCda,0,1596171882.3437812
CF_Tcu_InhCda,0,1596171882.37244
CF_Tcu_InhCda,0,1596171882.384356
CF_Tcu_InhCda,0,1596171882.393235
CF_Tcu_InhCda,0,1596171882.4048939
CF_Tcu_InhCda,0,1596171882.413568
CF_Tcu_InhCda,0,1596171882.4216402
CF_Tcu_InhCda,0,1596171882.4341679
CF_Tcu_InhCda,0,1596171882.454147
CF_Tcu_InhCda,0,1596171882.564594
CF_Tcu_InhCda,0,1596171882.601856
CF_Tcu_InhCda,0,1596171882.613682
CF_Tcu_InhCda,0,1596171882.703958
CF_Tcu_InhCda,0,1596171882.732832
CF_Tcu_InhCda,0,1596171882.7820349
CF_Tcu_InhCda,0,1596171882.822953
CF_Tcu_InhCda,0,1596171882.834795
CF_Tcu_InhCda,0,1596171882.843271
CF_Tcu_InhCda,0,1596171882.863542
CF_Tcu_InhCda,0,1596171882.893172
CF_Tcu_InhCda,0,1596171882.945454
CF_Tcu_InhCda,0,1596171883.023956
CF_Tcu_InhCda,0,1596171883.035573
CF_Tcu_InhCda,0,1596171883.0524046
CF_Tcu_InhCda,0,1596171883.0847962
CF_Tcu_InhCda,0,1596171883.105267
CF_Tcu_InhCda,0,1596171883.113566
CF_Tcu_InhCda,0,1596171883.1220102
CF_Tcu_InhCda,0,1596171883.252935
CF_Tcu_InhCda,0,1596171883.273511
CF_Tcu_InhCda,0,1596171883.302189
CF_Tcu_InhCda,0,1596171883.314089
CF_Tcu_InhCda,0,1596171883.3265548
CF_Tcu_InhCda,0,1596171883.34291
CF_Tcu_InhCda,0,1596171883.384089
CF_Tcu_InhCda,0,1596171883.4533892
CF_Tcu_InhCda,0,1596171883.465472
CF_Tcu_InhCda,0,1596171883.5521278
CF_Tcu_InhCda,0,1596171883.5844202
CF_Tcu_InhCda,0,1596171883.604897
CF_Tcu_InhCda,0,1596171883.715356
CF_Tcu_InhCda,0,1596171883.723804
CF_Tcu_InhCda,0,1596171883.813898
CF_Tcu_InhCda,0,1596171883.854882
CF_Tcu_InhCda,0,1596171883.883393
CF_Tcu_InhCda,0,1596171883.904007
CF_Tcu_InhCda,0,1596171883.9245439
CF_Tcu_InhCda,0,1596171883.9450278
CF_Tcu_InhCda,0,1596171883.994112
CF_Tcu_InhCda,0,1596171884.00261
CF_Tcu_InhCda,0,1596171884.034938
CF_Tcu_InhCda,0,1596171884.133364
CF_Tcu_InhCda,0,1596171884.17423
CF_Tcu_InhCda,0,1596171884.1828556
CF_Tcu_InhCda,0,1596171884.3831546
CF_Tcu_InhCda,0,1596171884.45296
CF_Tcu_InhCda,0,1596171884.505944
CF_Tcu_InhCda,0,1596171884.526582
CF_Tcu_InhCda,0,1596171884.563448
CF_Tcu_InhCda,0,1596171884.604435
CF_Tcu_InhCda,0,1596171884.702649
CF_Tcu_InhCda,0,1596171884.784534
CF_Tcu_InhCda,0,1596171884.805056
CF_Tcu_InhCda,0,1596171884.825494
CF_Tcu_InhCda,0,1596171884.842772
CF_Tcu_InhCda,0,1596171884.882793
CF_Tcu_InhCda,0,1596171884.903292
CF_Tcu_InhCda,0,1596171885.022689
CF_Tcu_InhCda,0,1596171885.063457
CF_Tcu_InhCda,0,1596171885.0754552
CF_Tcu_InhCda,0,1596171885.124488
CF_Tcu_InhCda,0,1596171885.174083
CF_Tcu_InhCda,0,1596171885.1944351
CF_Tcu_InhCda,0,1596171885.202801
CF_Tcu_InhCda,0,1596171885.214541
CF_Tcu_InhCda,0,1596171885.2231722
CF_Tcu_InhCda,0,1596171885.2435741
CF_Tcu_InhCda,0,1596171885.3949802
CF_Tcu_InhCda,0,1596171885.403255
CF_Tcu_InhCda,0,1596171885.4152179
CF_Tcu_InhCda,0,1596171885.423422
CF_Tcu_InhCda,0,1596171885.4935381
CF_Tcu_InhCda,0,1596171885.513579
CF_Tcu_InhCda,0,1596171885.652997
CF_Tcu_InhCda,0,1596171885.6651974
CF_Tcu_InhCda,0,1596171885.673753
CF_Tcu_InhCda,0,1596171885.694185
CF_Tcu_InhCda,0,1596171885.702538
CF_Tcu_InhCda,0,1596171885.7142801
CF_Tcu_InhCda,0,1596171885.7229302
CF_Tcu_InhCda,0,1596171885.7638938
CF_Tcu_InhCda,0,1596171885.775959
CF_Tcu_InhCda,0,1596171885.8539062
CF_Tcu_InhCda,0,1596171885.9845626
CF_Tcu_InhCda,0,1596171885.99381
CF_Tcu_InhCda,0,1596171886.013584
CF_Tcu_InhCda,0,1596171886.025496
CF_Tcu_InhCda,0,1596171886.0664608
CF_Tcu_InhCda,0,1596171886.08287
CF_Tcu_InhCda,0,1596171886.0952199
CF_Tcu_InhCda,0,1596171886.103376
CF_Tcu_InhCda,0,1596171886.115555
CF_Tcu_InhCda,0,1596171886.1239269
CF_Tcu_InhCda,0,1596171886.136051
CF_Tcu_InhCda,0,1596171886.1529448
CF_Tcu_InhCda,0,1596171886.271847
CF_Tcu_InhCda,0,1596171886.28356
CF_Tcu_InhCda,0,1596171886.2957592
CF_Tcu_InhCda,0,1596171886.3041232
CF_Tcu_InhCda,0,1596171886.3126366
CF_Tcu_InhCda,0,1596171886.324595
CF_Tcu_InhCda,0,1596171886.336707
CF_Tcu_InhCda,0,1596171886.36538
CF_Tcu_InhCda,0,1596171886.3738449
CF_Tcu_InhCda,0,1596171886.4637651
CF_Tcu_InhCda,0,1596171886.484288
CF_Tcu_InhCda,0,1596171886.554024
CF_Tcu_InhCda,0,1596171886.562634
CF_Tcu_InhCda,0,1596171886.574411
CF_Tcu_InhCda,0,1596171886.582921
CF_Tcu_InhCda,0,1596171886.6030471
CF_Tcu_InhCda,0,1596171886.652689
CF_Tcu_InhCda,0,1596171886.664556
CF_Tcu_InhCda,0,1596171886.7221918
CF_Tcu_InhCda,0,1596171886.734119
CF_Tcu_InhCda,0,1596171886.7832599
CF_Tcu_InhCda,0,1596171886.803787
CF_Tcu_InhCda,0,1596171886.824158
CF_Tcu_InhCda,0,1596171886.885955
CF_Tcu_InhCda,0,1596171886.89391
CF_Tcu_InhCda,0,1596171886.902446
CF_Tcu_InhCda,0,1596171886.9143698
CF_Tcu_InhCda,0,1596171886.9268212
CF_Tcu_InhCda,0,1596171886.934769
CF_Tcu_InhCda,0,1596171886.963606
CF_Tcu_InhCda,0,1596171887.004492
CF_Tcu_InhCda,0,1596171887.013103
CF_Tcu_InhCda,0,1596171887.024849
CF_Tcu_InhCda,0,1596171887.0336454
CF_Tcu_InhCda,0,1596171887.078207
CF_Tcu_InhCda,0,1596171887.164184
CF_Tcu_InhCda,0,1596171887.1728694
CF_Tcu_InhCda,0,1596171887.196921
CF_Tcu_InhCda,0,1596171887.205473
CF_Tcu_InhCda,0,1596171887.2133641
CF_Tcu_InhCda,0,1596171887.234102
CF_Tcu_InhCda,0,1596171887.2953231
CF_Tcu_InhCda,0,1596171887.323914
CF_Tcu_InhCda,0,1596171887.3327491
CF_Tcu_InhCda,0,1596171887.4345012
CF_Tcu_InhCda,0,1596171887.4550242
CF_Tcu_InhCda,0,1596171887.4636886
CF_Tcu_InhCda,0,1596171887.532767
CF_Tcu_InhCda,0,1596171887.573783
CF_Tcu_InhCda,0,1596171887.5822752
CF_Tcu_InhCda,0,1596171887.5943658
CF_Tcu_InhCda,0,1596171887.602692
CF_Tcu_InhCda,0,1596171887.623434
CF_Tcu_InhCda,0,1596171887.635176
CF_Tcu_InhCda,0,1596171887.7049909
CF_Tcu_InhCda,0,1596171887.754104
CF_Tcu_InhCda,0,1596171887.762794
CF_Tcu_InhCda,0,1596171887.774476
CF_Tcu_InhCda,0,1596171887.7949939
CF_Tcu_InhCda,0,1596171887.803537
CF_Tcu_InhCda,0,1596171887.8155801
CF_Tcu_InhCda,0,1596171887.8236759
CF_Tcu_InhCda,0,1596171887.832381
CF_Tcu_InhCda,0,1596171887.864712
CF_Tcu_InhCda,0,1596171887.8849401
CF_Tcu_InhCda,0,1596171887.8936028
CF_Tcu_InhCda,0,1596171887.901953
CF_Tcu_InhCda,0,1596171887.92237
CF_Tcu_InhCda,0,1596171888.052999
CF_Tcu_InhCda,0,1596171888.0738714
CF_Tcu_InhCda,0,1596171888.09459
CF_Tcu_InhCda,0,1596171888.1026099
CF_Tcu_InhCda,0,1596171888.114486
CF_Tcu_InhCda,0,1596171888.204586
CF_Tcu_InhCda,0,1596171888.213078
CF_Tcu_InhCda,0,1596171888.225089
CF_Tcu_InhCda,0,1596171888.233549
CF_Tcu_InhCda,0,1596171888.2946482
CF_Tcu_InhCda,0,1596171888.3318589
CF_Tcu_InhCda,0,1596171888.405287
CF_Tcu_InhCda,0,1596171888.413379
CF_Tcu_InhCda,0,1596171888.4219398
CF_Tcu_InhCda,0,1596171888.4545949
CF_Tcu_InhCda,0,1596171888.503531
CF_Tcu_InhCda,0,1596171888.5247374
CF_Tcu_InhCda,0,1596171888.6141028
CF_Tcu_InhCda,0,1596171888.655065
CF_Tcu_InhCda,0,1596171888.663527
CF_Tcu_InhCda,0,1596171888.675673
CF_Tcu_InhCda,0,1596171888.684097
CF_Tcu_InhCda,0,1596171888.6959832
CF_Tcu_InhCda,0,1596171888.7043529
CF_Tcu_InhCda,0,1596171888.7127411
CF_Tcu_InhCda,0,1596171888.7248
CF_Tcu_InhCda,0,1596171888.7451892
CF_Tcu_InhCda,0,1596171888.7537858
CF_Tcu_InhCda,0,1596171888.773826
CF_Tcu_InhCda,0,1596171888.782279
CF_Tcu_InhCda,0,1596171888.814826
CF_Tcu_InhCda,0,1596171888.83164
CF_Tcu_InhCda,0,1596171888.872443
CF_Tcu_InhCda,0,1596171888.96287
CF_Tcu_InhCda,0,1596171888.974592
CF_Tcu_InhCda,0,1596171889.011877
CF_Tcu_InhCda,0,1596171889.056448
CF_Tcu_InhCda,0,1596171889.101954
CF_Tcu_InhCda,0,1596171889.1138716
CF_Tcu_InhCda,0,1596171889.1223981
CF_Tcu_InhCda,0,1596171889.134312
CF_Tcu_InhCda,0,1596171889.154737
CF_Tcu_InhCda,0,1596171889.2039142
CF_Tcu_InhCda,0,1596171889.2124312
CF_Tcu_InhCda,0,1596171889.224421
CF_Tcu_InhCda,0,1596171889.2616024
CF_Tcu_InhCda,0,1596171889.273659
CF_Tcu_InhCda,0,1596171889.294392
CF_Tcu_InhCda,0,1596171889.306348
CF_Tcu_InhCda,0,1596171889.322779
CF_Tcu_InhCda,0,1596171889.334977
CF_Tcu_InhCda,0,1596171889.355424
CF_Tcu_InhCda,0,1596171889.3723578
CF_Tcu_InhCda,0,1596171889.404692
CF_Tcu_InhCda,0,1596171889.4215481
CF_Tcu_InhCda,0,1596171889.43322
CF_Tcu_InhCda,0,1596171889.5526109
CF_Tcu_InhCda,0,1596171889.5725386
CF_Tcu_InhCda,0,1596171889.585155
CF_Tcu_InhCda,0,1596171889.593562
CF_Tcu_InhCda,0,1596171889.60524
CF_Tcu_InhCda,0,1596171889.613821
CF_Tcu_InhCda,0,1596171889.621964
CF_Tcu_InhCda,0,1596171889.7122931
CF_Tcu_InhCda,0,1596171889.732713
CF_Tcu_InhCda,0,1596171889.822751
CF_Tcu_InhCda,0,1596171889.834643
CF_Tcu_InhCda,0,1596171889.8551402
CF_Tcu_InhCda,0,1596171889.8721051
CF_Tcu_InhCda,0,1596171889.8838036
CF_Tcu_InhCda,0,1596171889.904284
CF_Tcu_InhCda,0,1596171889.953635
CF_Tcu_InhCda,0,1596171890.002965
CF_Tcu_InhCda,0,1596171890.014765
CF_Tcu_InhCda,0,1596171890.023415
CF_Tcu_InhCda,0,1596171890.035388
CF_Tcu_InhCda,0,1596171890.1831331
CF_Tcu_InhCda,0,1596171890.203614
CF_Tcu_InhCda,0,1596171890.2850294
CF_Tcu_InhCda,0,1596171890.294004
CF_Tcu_InhCda,0,1596171890.334314
CF_Tcu_InhCda,0,1596171890.461847
CF_Tcu_InhCda,0,1596171890.4736118
CF_Tcu_InhCda,0,1596171890.4858398
CF_Tcu_InhCda,0,1596171890.494349
CF_Tcu_InhCda,0,1596171890.506488
CF_Tcu_InhCda,0,1596171890.555501
CF_Tcu_InhCda,0,1596171890.613214
CF_Tcu_InhCda,0,1596171890.633255
CF_Tcu_InhCda,0,1596171890.641907
CF_Tcu_InhCda,0,1596171890.7729099
CF_Tcu_InhCda,0,1596171890.794083
CF_Tcu_InhCda,0,1596171890.805342
CF_Tcu_InhCda,0,1596171890.8142662
CF_Tcu_InhCda,0,1596171890.912258
CF_Tcu_InhCda,0,1596171890.924211
CF_Tcu_InhCda,0,1596171890.932801
CF_Tcu_InhCda,0,1596171891.0929651
CF_Tcu_InhCda,0,1596171891.1944606
CF_Tcu_InhCda,0,1596171891.203019
CF_Tcu_InhCda,0,1596171891.280899
CF_Tcu_InhCda,0,1596171891.354327
CF_Tcu_InhCda,0,1596171891.3748102
CF_Tcu_InhCda,0,1596171891.5019534
CF_Tcu_InhCda,0,1596171891.513925
CF_Tcu_InhCda,0,1596171891.522441
CF_Tcu_InhCda,0,1596171891.5344992
CF_Tcu_InhCda,0,1596171891.5547671
CF_Tcu_InhCda,0,1596171891.6737618
CF_Tcu_InhCda,0,1596171891.694196
CF_Tcu_InhCda,0,1596171891.71452
CF_Tcu_InhCda,0,1596171891.79343
CF_Tcu_InhCda,0,1596171891.813298
CF_Tcu_InhCda,0,1596171891.9525368
CF_Tcu_InhCda,0,1596171891.972769
CF_Tcu_InhCda,0,1596171891.984894
CF_Tcu_InhCda,0,1596171891.994184
CF_Tcu_InhCda,0,1596171892.014108
CF_Tcu_InhCda,0,1596171892.0224
CF_Tcu_InhCda,0,1596171892.095687
CF_Tcu_InhCda,0,1596171892.115903
CF_Tcu_InhCda,0,1596171892.132776
CF_Tcu_InhCda,0,1596171892.234755
CF_Tcu_InhCda,0,1596171892.2722318
CF_Tcu_InhCda,0,1596171892.411822
CF_Tcu_InhCda,0,1596171892.435523
CF_Tcu_InhCda,0,1596171892.533819
CF_Tcu_InhCda,0,1596171892.554333
CF_Tcu_InhCda,0,1596171892.5748212
CF_Tcu_InhCda,0,1596171892.5918438
CF_Tcu_InhCda,0,1596171892.615621
CF_Tcu_InhCda,0,1596171892.7021034
CF_Tcu_InhCda,0,1596171892.7549062
CF_Tcu_InhCda,0,1596171892.783612
CF_Tcu_InhCda,0,1596171892.812621
CF_Tcu_InhCda,0,1596171892.8330789
CF_Tcu_InhCda,0,1596171892.861782
CF_Tcu_InhCda,0,1596171892.874274
CF_Tcu_InhCda,0,1596171892.8943172
CF_Tcu_InhCda,0,1596171892.9350529
CF_Tcu_InhCda,0,1596171892.9638138
CF_Tcu_InhCda,0,1596171892.9723382
CF_Tcu_InhCda,0,1596171892.993495
CF_Tcu_InhCda,0,1596171893.004812
CF_Tcu_InhCda,0,1596171893.013514
CF_Tcu_InhCda,0,1596171893.164624
CF_Tcu_InhCda,0,1596171893.1812289
CF_Tcu_InhCda,0,1596171893.193556
CF_Tcu_InhCda,0,1596171893.213693
CF_Tcu_InhCda,0,1596171893.234179
CF_Tcu_InhCda,0,1596171893.2436
CF_Tcu_InhCda,0,1596171893.2833118
CF_Tcu_InhCda,0,1596171893.292798
CF_Tcu_InhCda,0,1596171893.30392
CF_Tcu_InhCda,0,1596171893.31597
CF_Tcu_InhCda,0,1596171893.3243024
CF_Tcu_InhCda,0,1596171893.4144
CF_Tcu_InhCda,0,1596171893.434759
CF_Tcu_InhCda,0,1596171893.4552321
CF_Tcu_InhCda,0,1596171893.463588
CF_Tcu_InhCda,0,1596171893.4759462
CF_Tcu_InhCda,0,1596171893.484103
CF_Tcu_InhCda,0,1596171893.4964519
CF_Tcu_InhCda,0,1596171893.504493
CF_Tcu_InhCda,0,1596171893.513124
CF_Tcu_InhCda,0,1596171893.5537012
CF_Tcu_InhCda,0,1596171893.5624778
CF_Tcu_InhCda,0,1596171893.574094
CF_Tcu_InhCda,0,1596171893.722131
CF_Tcu_InhCda,0,1596171893.73387
CF_Tcu_InhCda,0,1596171893.762702
CF_Tcu_InhCda,0,1596171893.7748141
CF_Tcu_InhCda,0,1596171893.783443
CF_Tcu_InhCda,0,1596171893.8157618
CF_Tcu_InhCda,0,1596171893.8444428
CF_Tcu_InhCda,0,1596171893.8939981
CF_Tcu_InhCda,0,1596171893.9057658
CF_Tcu_InhCda,0,1596171893.914079
CF_Tcu_InhCda,0,1596171893.934499
CF_Tcu_InhCda,0,1596171893.975625
CF_Tcu_InhCda,0,1596171894.01275
CF_Tcu_InhCda,0,1596171894.042022
CF_Tcu_InhCda,0,1596171894.0533519
CF_Tcu_InhCda,0,1596171894.094414
CF_Tcu_InhCda,0,1596171894.106567
CF_Tcu_InhCda,0,1596171894.1843529
CF_Tcu_InhCda,0,1596171894.193816
CF_Tcu_InhCda,0,1596171894.204824
CF_Tcu_InhCda,0,1596171894.2131462
CF_Tcu_InhCda,0,1596171894.344395
CF_Tcu_InhCda,0,1596171894.3526552
CF_Tcu_InhCda,0,1596171894.3645706
CF_Tcu_InhCda,0,1596171894.373081
CF_Tcu_InhCda,0,1596171894.3851671
CF_Tcu_InhCda,0,1596171894.39728
CF_Tcu_InhCda,0,1596171894.4019258
CF_Tcu_InhCda,0,1596171894.483364
CF_Tcu_InhCda,0,1596171894.4922118
CF_Tcu_InhCda,0,1596171894.5040152
CF_Tcu_InhCda,0,1596171894.6145222
CF_Tcu_InhCda,0,1596171894.6518989
CF_Tcu_InhCda,0,1596171894.704886
CF_Tcu_InhCda,0,1596171894.7742114
CF_Tcu_InhCda,0,1596171894.79468
CF_Tcu_InhCda,0,1596171894.803145
CF_Tcu_InhCda,0,1596171894.8150706
CF_Tcu_InhCda,0,1596171894.823755
CF_Tcu_InhCda,0,1596171894.835592
CF_Tcu_InhCda,0,1596171894.884655
CF_Tcu_InhCda,0,1596171894.954342
CF_Tcu_InhCda,0,1596171894.962977
CF_Tcu_InhCda,0,1596171894.974985
CF_Tcu_InhCda,0,1596171894.9953358
CF_Tcu_InhCda,0,1596171895.004108
CF_Tcu_InhCda,0,1596171895.015969
CF_Tcu_InhCda,0,1596171895.07326
CF_Tcu_InhCda,0,1596171895.085431
CF_Tcu_InhCda,0,1596171895.114126
CF_Tcu_InhCda,0,1596171895.224819
CF_Tcu_InhCda,0,1596171895.265593
CF_Tcu_InhCda,0,1596171895.286132
CF_Tcu_InhCda,0,1596171895.3438444
CF_Tcu_InhCda,0,1596171895.393035
CF_Tcu_InhCda,0,1596171895.404992
CF_Tcu_InhCda,0,1596171895.4135306
CF_Tcu_InhCda,0,1596171895.4745226
CF_Tcu_InhCda,0,1596171895.5442882
CF_Tcu_InhCda,0,1596171895.5528529
CF_Tcu_InhCda,0,1596171895.60569
CF_Tcu_InhCda,0,1596171895.6141472
CF_Tcu_InhCda,0,1596171895.663106
CF_Tcu_InhCda,0,1596171895.675395
CF_Tcu_InhCda,0,1596171895.761659
CF_Tcu_InhCda,0,1596171895.8554182
CF_Tcu_InhCda,0,1596171895.8761752
CF_Tcu_InhCda,0,1596171895.8932636
CF_Tcu_InhCda,0,1596171895.9046886
CF_Tcu_InhCda,0,1596171895.9133592
CF_Tcu_InhCda,0,1596171895.9824722
CF_Tcu_InhCda,0,1596171896.0152972
CF_Tcu_InhCda,0,1596171896.0233831
CF_Tcu_InhCda,0,1596171896.0725849
CF_Tcu_InhCda,0,1596171896.101727
CF_Tcu_InhCda,0,1596171896.162844
CF_Tcu_InhCda,0,1596171896.175055
CF_Tcu_InhCda,0,1596171896.314207
CF_Tcu_InhCda,0,1596171896.334657
CF_Tcu_InhCda,0,1596171896.36341
CF_Tcu_InhCda,0,1596171896.41271
CF_Tcu_InhCda,0,1596171896.453485
CF_Tcu_InhCda,0,1596171896.4620721
CF_Tcu_InhCda,0,1596171896.4740534
CF_Tcu_InhCda,0,1596171896.486165
CF_Tcu_InhCda,0,1596171896.4945886
CF_Tcu_InhCda,0,1596171896.5066922
CF_Tcu_InhCda,0,1596171896.51477
CF_Tcu_InhCda,0,1596171896.6013162
CF_Tcu_InhCda,0,1596171896.613361
CF_Tcu_InhCda,0,1596171896.662724
CF_Tcu_InhCda,0,1596171896.7647018
CF_Tcu_InhCda,0,1596171896.7730126
CF_Tcu_InhCda,0,1596171896.7948546
CF_Tcu_InhCda,0,1596171896.855298
CF_Tcu_InhCda,0,1596171896.9163818
CF_Tcu_InhCda,0,1596171896.924654
CF_Tcu_InhCda,0,1596171896.933085
CF_Tcu_InhCda,0,1596171897.035043
CF_Tcu_InhCda,0,1596171897.093733
CF_Tcu_InhCda,0,1596171897.104697
CF_Tcu_InhCda,0,1596171897.1134288
CF_Tcu_InhCda,0,1596171897.1743698
CF_Tcu_InhCda,0,1596171897.2115731
CF_Tcu_InhCda,0,1596171897.223521
CF_Tcu_InhCda,0,1596171897.235742
CF_Tcu_InhCda,0,1596171897.281188
CF_Tcu_InhCda,0,1596171897.2934911
CF_Tcu_InhCda,0,1596171897.334076
CF_Tcu_InhCda,0,1596171897.354551
CF_Tcu_InhCda,0,1596171897.363181
CF_Tcu_InhCda,0,1596171897.3750849
CF_Tcu_InhCda,0,1596171897.383491
CF_Tcu_InhCda,0,1596171897.415906
CF_Tcu_InhCda,0,1596171897.444793
CF_Tcu_InhCda,0,1596171897.473438
CF_Tcu_InhCda,0,1596171897.534755
CF_Tcu_InhCda,0,1596171897.6248438
CF_Tcu_InhCda,0,1596171897.6333768
CF_Tcu_InhCda,0,1596171897.662316
CF_Tcu_InhCda,0,1596171897.6740289
CF_Tcu_InhCda,0,1596171897.682674
CF_Tcu_InhCda,0,1596171897.821843
CF_Tcu_InhCda,0,1596171897.8628428
CF_Tcu_InhCda,0,1596171897.9525702
CF_Tcu_InhCda,0,1596171897.964767
CF_Tcu_InhCda,0,1596171897.9735072
CF_Tcu_InhCda,0,1596171897.985219
CF_Tcu_InhCda,0,1596171897.994539
CF_Tcu_InhCda,0,1596171898.005745
CF_Tcu_InhCda,0,1596171898.014008
CF_Tcu_InhCda,0,1596171898.063083
CF_Tcu_InhCda,0,1596171898.075299
CF_Tcu_InhCda,0,1596171898.0958462
CF_Tcu_InhCda,0,1596171898.124516
CF_Tcu_InhCda,0,1596171898.13306
CF_Tcu_InhCda,0,1596171898.231522
CF_Tcu_InhCda,0,1596171898.2522292
CF_Tcu_InhCda,0,1596171898.276264
CF_Tcu_InhCda,0,1596171898.3132956
CF_Tcu_InhCda,0,1596171898.354074
CF_Tcu_InhCda,0,1596171898.4031599
CF_Tcu_InhCda,0,1596171898.415284
CF_Tcu_InhCda,0,1596171898.423977
CF_Tcu_InhCda,0,1596171898.435968
CF_Tcu_InhCda,0,1596171898.5137892
CF_Tcu_InhCda,0,1596171898.522518
CF_Tcu_InhCda,0,1596171898.5342462
CF_Tcu_InhCda,0,1596171898.575177
CF_Tcu_InhCda,0,1596171898.592087
CF_Tcu_InhCda,0,1596171898.63282
CF_Tcu_InhCda,0,1596171898.6446419
CF_Tcu_InhCda,0,1596171898.6650882
CF_Tcu_InhCda,0,1596171898.702441
CF_Tcu_InhCda,0,1596171898.72306
CF_Tcu_InhCda,0,1596171898.833186
CF_Tcu_InhCda,0,1596171898.853618
CF_Tcu_InhCda,0,1596171898.862184
CF_Tcu_InhCda,0,1596171898.8741179
CF_Tcu_InhCda,0,1596171898.886261
CF_Tcu_InhCda,0,1596171898.894652
CF_Tcu_InhCda,0,1596171898.9068
CF_Tcu_InhCda,0,1596171898.9150019
CF_Tcu_InhCda,0,1596171898.972866
CF_Tcu_InhCda,0,1596171898.984571
CF_Tcu_InhCda,0,1596171898.9930801
CF_Tcu_InhCda,0,1596171899.112131
CF_Tcu_InhCda,0,1596171899.132555
CF_Tcu_InhCda,0,1596171899.173159
CF_Tcu_InhCda,0,1596171899.185236
CF_Tcu_InhCda,0,1596171899.1946359
CF_Tcu_InhCda,0,1596171899.271828
CF_Tcu_InhCda,0,1596171899.283657
CF_Tcu_InhCda,0,1596171899.3042312
CF_Tcu_InhCda,0,1596171899.324599
CF_Tcu_InhCda,0,1596171899.3332212
CF_Tcu_InhCda,0,1596171899.3824391
CF_Tcu_InhCda,0,1596171899.414622
CF_Tcu_InhCda,0,1596171899.4637759
CF_Tcu_InhCda,0,1596171899.484381
CF_Tcu_InhCda,0,1596171899.504927
CF_Tcu_InhCda,0,1596171899.562596
CF_Tcu_InhCda,0,1596171899.603154
CF_Tcu_InhCda,0,1596171899.6237178
CF_Tcu_InhCda,0,1596171899.763259
CF_Tcu_InhCda,0,1596171899.783881
CF_Tcu_InhCda,0,1596171899.8038466
CF_Tcu_InhCda,0,1596171899.865176
CF_Tcu_InhCda,0,1596171899.873512
CF_Tcu_InhCda,0,1596171900.033218
CF_Tcu_InhCda,0,1596171900.065919
CF_Tcu_InhCda,0,1596171900.082664
CF_Tcu_InhCda,0,1596171900.111594
CF_Tcu_InhCda,0,1596171900.1233618
CF_Tcu_InhCda,0,1596171900.201456
CF_Tcu_InhCda,0,1596171900.2258382
CF_Tcu_InhCda,0,1596171900.344424
CF_Tcu_InhCda,0,1596171900.3649259
CF_Tcu_InhCda,0,1596171900.381664
CF_Tcu_InhCda,0,1596171900.4019198
CF_Tcu_InhCda,0,1596171900.4345448
CF_Tcu_InhCda,0,1596171900.483799
CF_Tcu_InhCda,0,1596171900.50429
CF_Tcu_InhCda,0,1596171900.623081
CF_Tcu_InhCda,0,1596171900.6316106
CF_Tcu_InhCda,0,1596171900.643786
CF_Tcu_InhCda,0,1596171900.6640034
CF_Tcu_InhCda,0,1596171900.684769
CF_Tcu_InhCda,0,1596171900.704972
CF_Tcu_InhCda,0,1596171900.7745438
CF_Tcu_InhCda,0,1596171900.8033204
CF_Tcu_InhCda,0,1596171900.852493
CF_Tcu_InhCda,0,1596171900.9629679
CF_Tcu_InhCda,0,1596171900.9834251
CF_Tcu_InhCda,0,1596171901.102659
CF_Tcu_InhCda,0,1596171901.1230476
CF_Tcu_InhCda,0,1596171901.2538216
CF_Tcu_InhCda,0,1596171901.262306
CF_Tcu_InhCda,0,1596171901.2828689
CF_Tcu_InhCda,0,1596171901.302942
CF_Tcu_InhCda,0,1596171901.3643901
CF_Tcu_InhCda,0,1596171901.372577
CF_Tcu_InhCda,0,1596171901.401634
CF_Tcu_InhCda,0,1596171901.444082
CF_Tcu_InhCda,0,1596171901.492204
CF_Tcu_InhCda,0,1596171901.5036216
CF_Tcu_InhCda,0,1596171901.5122054
CF_Tcu_InhCda,0,1596171901.5527859
CF_Tcu_InhCda,0,1596171901.6350136
CF_Tcu_InhCda,0,1596171901.6931849
CF_Tcu_InhCda,0,1596171901.72117
CF_Tcu_InhCda,0,1596171901.76211
CF_Tcu_InhCda,0,1596171901.8316624
CF_Tcu_InhCda,0,1596171901.852181
CF_Tcu_InhCda,0,1596171901.884467
CF_Tcu_InhCda,0,1596171901.893684
CF_Tcu_InhCda,0,1596171901.904951
CF_Tcu_InhCda,0,1596171901.954227
CF_Tcu_InhCda,0,1596171901.9915214
CF_Tcu_InhCda,0,1596171902.003371
CF_Tcu_InhCda,0,1596171902.023787
CF_Tcu_InhCda,0,1596171902.0565162
CF_Tcu_InhCda,0,1596171902.15483
CF_Tcu_InhCda,0,1596171902.183939
CF_Tcu_InhCda,0,1596171902.192641
CF_Tcu_InhCda,0,1596171902.233238
CF_Tcu_InhCda,0,1596171902.282204
CF_Tcu_InhCda,0,1596171902.331698
CF_Tcu_InhCda,0,1596171902.343677
CF_Tcu_InhCda,0,1596171902.351923
CF_Tcu_InhCda,0,1596171902.4539561
CF_Tcu_InhCda,0,1596171902.5358038
CF_Tcu_InhCda,0,1596171902.573035
CF_Tcu_InhCda,0,1596171902.593801
CF_Tcu_InhCda,0,1596171902.605315
CF_Tcu_InhCda,0,1596171902.625974
CF_Tcu_InhCda,0,1596171902.7121975
CF_Tcu_InhCda,0,1596171902.724166
CF_Tcu_InhCda,0,1596171902.752883
CF_Tcu_InhCda,0,1596171902.7650368
CF_Tcu_InhCda,0,1596171902.77372
CF_Tcu_InhCda,0,1596171902.7856581
CF_Tcu_InhCda,0,1596171902.793956
CF_Tcu_InhCda,0,1596171902.835297
CF_Tcu_InhCda,0,1596171902.875801
CF_Tcu_InhCda,0,1596171902.883959
CF_Tcu_InhCda,0,1596171902.8930528
CF_Tcu_InhCda,0,1596171902.904413
CF_Tcu_InhCda,0,1596171903.014893
CF_Tcu_InhCda,0,1596171903.0231206
CF_Tcu_InhCda,0,1596171903.05585
CF_Tcu_InhCda,0,1596171903.0645099
CF_Tcu_InhCda,0,1596171903.084627
CF_Tcu_InhCda,0,1596171903.096776
CF_Tcu_InhCda,0,1596171903.105
CF_Tcu_InhCda,0,1596171903.113218
CF_Tcu_InhCda,0,1596171903.162784
CF_Tcu_InhCda,0,1596171903.1747339
CF_Tcu_InhCda,0,1596171903.183264
CF_Tcu_InhCda,0,1596171903.2034626
CF_Tcu_InhCda,0,1596171903.2242448
CF_Tcu_InhCda,0,1596171903.2443314
CF_Tcu_InhCda,0,1596171903.375542
CF_Tcu_InhCda,0,1596171903.396075
CF_Tcu_InhCda,0,1596171903.404133
CF_Tcu_InhCda,0,1596171903.4327161
CF_Tcu_InhCda,0,1596171903.45327
CF_Tcu_InhCda,0,1596171903.514636
CF_Tcu_InhCda,0,1596171903.6046562
CF_Tcu_InhCda,0,1596171903.6130278
CF_Tcu_InhCda,0,1596171903.625233
CF_Tcu_InhCda,0,1596171903.6539898
CF_Tcu_InhCda,0,1596171903.6660619
CF_Tcu_InhCda,0,1596171903.674431
CF_Tcu_InhCda,0,1596171903.682833
CF_Tcu_InhCda,0,1596171903.694921
CF_Tcu_InhCda,0,1596171903.703522
CF_Tcu_InhCda,0,1596171903.7116091
CF_Tcu_InhCda,0,1596171903.735745
CF_Tcu_InhCda,0,1596171903.7526538
CF_Tcu_InhCda,0,1596171903.7644749
CF_Tcu_InhCda,0,1596171903.874953
CF_Tcu_InhCda,0,1596171903.912342
CF_Tcu_InhCda,0,1596171903.9651651
CF_Tcu_InhCda,0,1596171903.9737768
CF_Tcu_InhCda,0,1596171904.034691
CF_Tcu_InhCda,0,1596171904.0964198
CF_Tcu_InhCda,0,1596171904.104435
CF_Tcu_InhCda,0,1596171904.116674
CF_Tcu_InhCda,0,1596171904.1213589
CF_Tcu_InhCda,0,1596171904.2030964
CF_Tcu_InhCda,0,1596171904.2730381
CF_Tcu_InhCda,0,1596171904.2938411
CF_Tcu_InhCda,0,1596171904.3341818
CF_Tcu_InhCda,0,1596171904.35433
CF_Tcu_InhCda,0,1596171904.3629062
CF_Tcu_InhCda,0,1596171904.3920078
CF_Tcu_InhCda,0,1596171904.403496
CF_Tcu_InhCda,0,1596171904.412294
CF_Tcu_InhCda,0,1596171904.423949
CF_Tcu_InhCda,0,1596171904.522563
CF_Tcu_InhCda,0,1596171904.534465
CF_Tcu_InhCda,0,1596171904.5550132
CF_Tcu_InhCda,0,1596171904.563589
CF_Tcu_InhCda,0,1596171904.575689
CF_Tcu_InhCda,0,1596171904.583981
CF_Tcu_InhCda,0,1596171904.593189
CF_Tcu_InhCda,0,1596171904.722941
CF_Tcu_InhCda,0,1596171904.743673
CF_Tcu_InhCda,0,1596171904.772377
CF_Tcu_InhCda,0,1596171904.833499
CF_Tcu_InhCda,0,1596171904.8540876
CF_Tcu_InhCda,0,1596171904.8949306
CF_Tcu_InhCda,0,1596171904.932277
CF_Tcu_InhCda,0,1596171904.99367
CF_Tcu_InhCda,0,1596171905.0054886
CF_Tcu_InhCda,0,1596171905.013741
CF_Tcu_InhCda,0,1596171905.112428
CF_Tcu_InhCda,0,1596171905.153006
CF_Tcu_InhCda,0,1596171905.165317
CF_Tcu_InhCda,0,1596171905.173902
CF_Tcu_InhCda,0,1596171905.185699
CF_Tcu_InhCda,0,1596171905.194294
CF_Tcu_InhCda,0,1596171905.2348142
CF_Tcu_InhCda,0,1596171905.251758
CF_Tcu_InhCda,0,1596171905.2721279
CF_Tcu_InhCda,0,1596171905.284041
CF_Tcu_InhCda,0,1596171905.293422
CF_Tcu_InhCda,0,1596171905.353791
CF_Tcu_InhCda,0,1596171905.4151402
CF_Tcu_InhCda,0,1596171905.452435
CF_Tcu_InhCda,0,1596171905.464254
CF_Tcu_InhCda,0,1596171905.4766538
CF_Tcu_InhCda,0,1596171905.484751
CF_Tcu_InhCda,0,1596171905.4932618
CF_Tcu_InhCda,0,1596171905.505151
CF_Tcu_InhCda,0,1596171905.537895
CF_Tcu_InhCda,0,1596171905.583435
CF_Tcu_InhCda,0,1596171905.5952609
CF_Tcu_InhCda,0,1596171905.604033
CF_Tcu_InhCda,0,1596171905.623871
CF_Tcu_InhCda,0,1596171905.7637386
CF_Tcu_InhCda,0,1596171905.784258
CF_Tcu_InhCda,0,1596171905.793132
CF_Tcu_InhCda,0,1596171905.833428
CF_Tcu_InhCda,0,1596171905.8738608
CF_Tcu_InhCda,0,1596171905.886017
CF_Tcu_InhCda,0,1596171905.9147902
CF_Tcu_InhCda,0,1596171906.033565
CF_Tcu_InhCda,0,1596171906.0541492
CF_Tcu_InhCda,0,1596171906.0746381
CF_Tcu_InhCda,0,1596171906.0869234
CF_Tcu_InhCda,0,1596171906.0952039
CF_Tcu_InhCda,0,1596171906.1036
CF_Tcu_InhCda,0,1596171906.16466
CF_Tcu_InhCda,0,1596171906.324334
CF_Tcu_InhCda,0,1596171906.3328981
CF_Tcu_InhCda,0,1596171906.361692
CF_Tcu_InhCda,0,1596171906.4518046
CF_Tcu_InhCda,0,1596171906.4725409
CF_Tcu_InhCda,0,1596171906.484127
CF_Tcu_InhCda,0,1596171906.496429
CF_Tcu_InhCda,0,1596171906.504582
CF_Tcu_InhCda,0,1596171906.5131721
CF_Tcu_InhCda,0,1596171906.6321812
CF_Tcu_InhCda,0,1596171906.656051
CF_Tcu_InhCda,0,1596171906.672859
CF_Tcu_InhCda,0,1596171906.6847832
CF_Tcu_InhCda,0,1596171906.694161
CF_Tcu_InhCda,0,1596171906.734323
CF_Tcu_InhCda,0,1596171906.7543821
CF_Tcu_InhCda,0,1596171906.791967
CF_Tcu_InhCda,0,1596171906.8121688
CF_Tcu_InhCda,0,1596171906.934617
CF_Tcu_InhCda,0,1596171906.955313
CF_Tcu_InhCda,0,1596171906.971992
CF_Tcu_InhCda,0,1596171906.9838321
CF_Tcu_InhCda,0,1596171906.9929886
CF_Tcu_InhCda,0,1596171907.053476
CF_Tcu_InhCda,0,1596171907.0945618
CF_Tcu_InhCda,0,1596171907.1149552
CF_Tcu_InhCda,0,1596171907.204891
CF_Tcu_InhCda,0,1596171907.225609
CF_Tcu_InhCda,0,1596171907.3851366
CF_Tcu_InhCda,0,1596171907.394133
CF_Tcu_InhCda,0,1596171907.4143
CF_Tcu_InhCda,0,1596171907.4224029
CF_Tcu_InhCda,0,1596171907.434367
CF_Tcu_InhCda,0,1596171907.4546812
CF_Tcu_InhCda,0,1596171907.463091
CF_Tcu_InhCda,0,1596171907.532974
CF_Tcu_InhCda,0,1596171907.5531466
CF_Tcu_InhCda,0,1596171907.5653582
CF_Tcu_InhCda,0,1596171907.5741
CF_Tcu_InhCda,0,1596171907.594497
CF_Tcu_InhCda,0,1596171907.672268
CF_Tcu_InhCda,0,1596171907.684149
CF_Tcu_InhCda,0,1596171907.693485
CF_Tcu_InhCda,0,1596171907.80296
CF_Tcu_InhCda,0,1596171907.8560796
CF_Tcu_InhCda,0,1596171907.872593
CF_Tcu_InhCda,0,1596171907.893535
CF_Tcu_InhCda,0,1596171907.9954894
CF_Tcu_InhCda,0,1596171908.044725
CF_Tcu_InhCda,0,1596171908.134667
CF_Tcu_InhCda,0,1596171908.1552024
CF_Tcu_InhCda,0,1596171908.193123
CF_Tcu_InhCda,0,1596171908.2944632
CF_Tcu_InhCda,0,1596171908.31484
CF_Tcu_InhCda,0,1596171908.4542608
CF_Tcu_InhCda,0,1596171908.47474
CF_Tcu_InhCda,0,1596171908.4952488
CF_Tcu_InhCda,0,1596171908.6429582
CF_Tcu_InhCda,0,1596171908.704113
CF_Tcu_InhCda,0,1596171908.7129972
CF_Tcu_InhCda,0,1596171908.733123
CF_Tcu_InhCda,0,1596171908.76174
CF_Tcu_InhCda,0,1596171908.8233972
CF_Tcu_InhCda,0,1596171908.8762398
CF_Tcu_InhCda,0,1596171908.893588
CF_Tcu_InhCda,0,1596171908.921642
CF_Tcu_InhCda,0,1596171908.953928
CF_Tcu_InhCda,0,1596171908.9948108
CF_Tcu_InhCda,0,1596171909.0525858
CF_Tcu_InhCda,0,1596171909.0644329
CF_Tcu_InhCda,0,1596171909.0730536
CF_Tcu_InhCda,0,1596171909.0849311
CF_Tcu_InhCda,0,1596171909.093503
CF_Tcu_InhCda,0,1596171909.163121
CF_Tcu_InhCda,0,1596171909.1752694
CF_Tcu_InhCda,0,1596171909.183698
CF_Tcu_InhCda,0,1596171909.192595
CF_Tcu_InhCda,0,1596171909.23295
CF_Tcu_InhCda,0,1596171909.29394
CF_Tcu_InhCda,0,1596171909.314372
CF_Tcu_InhCda,0,1596171909.322815
CF_Tcu_InhCda,0,1596171909.3347821
CF_Tcu_InhCda,0,1596171909.355277
CF_Tcu_InhCda,0,1596171909.363464
CF_Tcu_InhCda,0,1596171909.37208
CF_Tcu_InhCda,0,1596171909.4129179
CF_Tcu_InhCda,0,1596171909.424802
CF_Tcu_InhCda,0,1596171909.494678
CF_Tcu_InhCda,0,1596171909.515033
CF_Tcu_InhCda,0,1596171909.601413
CF_Tcu_InhCda,0,1596171909.613416
CF_Tcu_InhCda,0,1596171909.62185
CF_Tcu_InhCda,0,1596171909.633795
CF_Tcu_InhCda,0,1596171909.674803
CF_Tcu_InhCda,0,1596171909.703428
CF_Tcu_InhCda,0,1596171909.744632
CF_Tcu_InhCda,0,1596171909.7648408
CF_Tcu_InhCda,0,1596171909.781583
CF_Tcu_InhCda,0,1596171909.834423
CF_Tcu_InhCda,0,1596171909.84288
CF_Tcu_InhCda,0,1596171909.9040918
CF_Tcu_InhCda,0,1596171909.9126859
CF_Tcu_InhCda,0,1596171909.9246578
CF_Tcu_InhCda,0,1596171909.933196
CF_Tcu_InhCda,0,1596171909.953896
CF_Tcu_InhCda,0,1596171909.96191
CF_Tcu_InhCda,0,1596171909.973675
CF_Tcu_InhCda,0,1596171910.014729
CF_Tcu_InhCda,0,1596171910.022919
CF_Tcu_InhCda,0,1596171910.0521011
CF_Tcu_InhCda,0,1596171910.0638444
CF_Tcu_InhCda,0,1596171910.0723732
CF_Tcu_InhCda,0,1596171910.1334786
CF_Tcu_InhCda,0,1596171910.170894
CF_Tcu_InhCda,0,1596171910.182606
CF_Tcu_InhCda,0,1596171910.211691
CF_Tcu_InhCda,0,1596171910.26459
CF_Tcu_InhCda,0,1596171910.273275
CF_Tcu_InhCda,0,1596171910.34272
CF_Tcu_InhCda,0,1596171910.354563
CF_Tcu_InhCda,0,1596171910.3632689
CF_Tcu_InhCda,0,1596171910.375411
CF_Tcu_InhCda,0,1596171910.3837929
CF_Tcu_InhCda,0,1596171910.392491
CF_Tcu_InhCda,0,1596171910.4531288
CF_Tcu_InhCda,0,1596171910.4822712
CF_Tcu_InhCda,0,1596171910.493954
CF_Tcu_InhCda,0,1596171910.522578
CF_Tcu_InhCda,0,1596171910.6536498
CF_Tcu_InhCda,0,1596171910.662242
CF_Tcu_InhCda,0,1596171910.6828318
CF_Tcu_InhCda,0,1596171910.6946206
CF_Tcu_InhCda,0,1596171910.813437
CF_Tcu_InhCda,0,1596171910.825815
CF_Tcu_InhCda,0,1596171910.834317
CF_Tcu_InhCda,0,1596171910.8548539
CF_Tcu_InhCda,0,1596171910.8748481
CF_Tcu_InhCda,0,1596171910.9075358
CF_Tcu_InhCda,0,1596171910.932575
CF_Tcu_InhCda,0,1596171911.0025194
CF_Tcu_InhCda,0,1596171911.0344598
CF_Tcu_InhCda,0,1596171911.0929801
CF_Tcu_InhCda,0,1596171911.124634
CF_Tcu_InhCda,0,1596171911.1331918
CF_Tcu_InhCda,0,1596171911.1537778
CF_Tcu_InhCda,0,1596171911.2520351
CF_Tcu_InhCda,0,1596171911.26415
CF_Tcu_InhCda,0,1596171911.2764359
CF_Tcu_InhCda,0,1596171911.2847402
CF_Tcu_InhCda,0,1596171911.293874
CF_Tcu_InhCda,0,1596171911.321831
CF_Tcu_InhCda,0,1596171911.3625002
CF_Tcu_InhCda,0,1596171911.383124
CF_Tcu_InhCda,0,1596171911.4155052
CF_Tcu_InhCda,0,1596171911.435934
CF_Tcu_InhCda,0,1596171911.5546641
CF_Tcu_InhCda,0,1596171911.563301
CF_Tcu_InhCda,0,1596171911.575305
CF_Tcu_InhCda,0,1596171911.583425
CF_Tcu_InhCda,0,1596171911.616081
CF_Tcu_InhCda,0,1596171911.702456
CF_Tcu_InhCda,0,1596171911.714454
CF_Tcu_InhCda,0,1596171911.723152
CF_Tcu_InhCda,0,1596171911.735019
CF_Tcu_InhCda,0,1596171911.7553189
CF_Tcu_InhCda,0,1596171911.7761118
CF_Tcu_InhCda,0,1596171911.8250592
CF_Tcu_InhCda,0,1596171911.833193
CF_Tcu_InhCda,0,1596171911.874569
CF_Tcu_InhCda,0,1596171911.9032118
CF_Tcu_InhCda,0,1596171911.9725661
CF_Tcu_InhCda,0,1596171911.984731
CF_Tcu_InhCda,0,1596171912.0051858
CF_Tcu_InhCda,0,1596171912.0137851
CF_Tcu_InhCda,0,1596171912.1530292
CF_Tcu_InhCda,0,1596171912.1736019
CF_Tcu_InhCda,0,1596171912.185479
CF_Tcu_InhCda,0,1596171912.21419
CF_Tcu_InhCda,0,1596171912.3043444
CF_Tcu_InhCda,0,1596171912.3247108
CF_Tcu_InhCda,0,1596171912.3329456
CF_Tcu_InhCda,0,1596171912.4352632
CF_Tcu_InhCda,0,1596171912.452103
CF_Tcu_InhCda,0,1596171912.582773
CF_Tcu_InhCda,0,1596171912.5949252
CF_Tcu_InhCda,0,1596171912.6033778
CF_Tcu_InhCda,0,1596171912.6155672
CF_Tcu_InhCda,0,1596171912.624104
CF_Tcu_InhCda,0,1596171912.6360252
CF_Tcu_InhCda,0,1596171912.652424
CF_Tcu_InhCda,0,1596171912.6645699
CF_Tcu_InhCda,0,1596171912.67287
CF_Tcu_InhCda,0,1596171912.734195
CF_Tcu_InhCda,0,1596171912.7547562
CF_Tcu_InhCda,0,1596171912.775575
CF_Tcu_InhCda,0,1596171912.81229
CF_Tcu_InhCda,0,1596171912.91456
CF_Tcu_InhCda,0,1596171912.934902
CF_Tcu_InhCda,0,1596171912.9841
CF_Tcu_InhCda,0,1596171912.993525
CF_Tcu_InhCda,0,1596171913.0333269
CF_Tcu_InhCda,0,1596171913.043075
CF_Tcu_InhCda,0,1596171913.053783
CF_Tcu_InhCda,0,1596171913.074305
CF_Tcu_InhCda,0,1596171913.111577
CF_Tcu_InhCda,0,1596171913.132243
CF_Tcu_InhCda,0,1596171913.1847632
CF_Tcu_InhCda,0,1596171913.2052212
CF_Tcu_InhCda,0,1596171913.2340539
CF_Tcu_InhCda,0,1596171913.312182
CF_Tcu_InhCda,0,1596171913.3327339
CF_Tcu_InhCda,0,1596171913.3818052
CF_Tcu_InhCda,0,1596171913.4720562
CF_Tcu_InhCda,0,1596171913.512883
CF_Tcu_InhCda,0,1596171913.524914
CF_Tcu_InhCda,0,1596171913.5334258
CF_Tcu_InhCda,0,1596171913.5417678
CF_Tcu_InhCda,0,1596171913.63171
CF_Tcu_InhCda,0,1596171913.655804
CF_Tcu_InhCda,0,1596171913.672713
CF_Tcu_InhCda,0,1596171913.8237948
CF_Tcu_InhCda,0,1596171913.8325188
CF_Tcu_InhCda,0,1596171913.9549034
CF_Tcu_InhCda,0,1596171913.97164
CF_Tcu_InhCda,0,1596171913.983469
CF_Tcu_InhCda,0,1596171914.102654
CF_Tcu_InhCda,0,1596171914.1228216
CF_Tcu_InhCda,0,1596171914.135
CF_Tcu_InhCda,0,1596171914.15554
CF_Tcu_InhCda,0,1596171914.2130098
CF_Tcu_InhCda,0,1596171914.3116481
CF_Tcu_InhCda,0,1596171914.384827
CF_Tcu_InhCda,0,1596171914.393704
CF_Tcu_InhCda,0,1596171914.405314
CF_Tcu_InhCda,0,1596171914.553142
CF_Tcu_InhCda,0,1596171914.56504
CF_Tcu_InhCda,0,1596171914.5737882
CF_Tcu_InhCda,0,1596171914.634696
CF_Tcu_InhCda,0,1596171914.693273
CF_Tcu_InhCda,0,1596171914.704464
CF_Tcu_InhCda,0,1596171914.7129312
CF_Tcu_InhCda,0,1596171914.725043
CF_Tcu_InhCda,0,1596171914.753619
CF_Tcu_InhCda,0,1596171914.794666
CF_Tcu_InhCda,0,1596171914.8523211
CF_Tcu_InhCda,0,1596171914.962733
CF_Tcu_InhCda,0,1596171914.974643
CF_Tcu_InhCda,0,1596171914.9831626
CF_Tcu_InhCda,0,1596171914.995144
CF_Tcu_InhCda,0,1596171915.0039194
CF_Tcu_InhCda,0,1596171915.024014
CF_Tcu_InhCda,0,1596171915.032607
CF_Tcu_InhCda,0,1596171915.163131
CF_Tcu_InhCda,0,1596171915.192806
CF_Tcu_InhCda,0,1596171915.273721
CF_Tcu_InhCda,0,1596171915.282316
CF_Tcu_InhCda,0,1596171915.323266
CF_Tcu_InhCda,0,1596171915.433451
CF_Tcu_InhCda,0,1596171915.462414
CF_Tcu_InhCda,0,1596171915.474473
CF_Tcu_InhCda,0,1596171915.4829788
CF_Tcu_InhCda,0,1596171915.584875
CF_Tcu_InhCda,0,1596171915.6054258
CF_Tcu_InhCda,0,1596171915.6261408
CF_Tcu_InhCda,0,1596171915.703837
CF_Tcu_InhCda,0,1596171915.71265
CF_Tcu_InhCda,0,1596171915.724271
CF_Tcu_InhCda,0,1596171915.851525
CF_Tcu_InhCda,0,1596171915.8721788
CF_Tcu_InhCda,0,1596171915.884046
CF_Tcu_InhCda,0,1596171915.905015
CF_Tcu_InhCda,0,1596171915.9251199
CF_Tcu_InhCda,0,1596171915.942185
CF_Tcu_InhCda,0,1596171916.014858
CF_Tcu_InhCda,0,1596171916.023283
CF_Tcu_InhCda,0,1596171916.043761
CF_Tcu_InhCda,0,1596171916.052192
CF_Tcu_InhCda,0,1596171916.085095
CF_Tcu_InhCda,0,1596171916.1543212
CF_Tcu_InhCda,0,1596171916.1629071
CF_Tcu_InhCda,0,1596171916.203576
CF_Tcu_InhCda,0,1596171916.2240539
CF_Tcu_InhCda,0,1596171916.261272
CF_Tcu_InhCda,0,1596171916.32262
CF_Tcu_InhCda,0,1596171916.461947
CF_Tcu_InhCda,0,1596171916.482383
CF_Tcu_InhCda,0,1596171916.5064476
CF_Tcu_InhCda,0,1596171916.5230458
CF_Tcu_InhCda,0,1596171916.584306
CF_Tcu_InhCda,0,1596171916.604814
CF_Tcu_InhCda,0,1596171916.6255062
CF_Tcu_InhCda,0,1596171916.642812
CF_Tcu_InhCda,0,1596171916.686831
CF_Tcu_InhCda,0,1596171916.7850661
CF_Tcu_InhCda,0,1596171916.875442
CF_Tcu_InhCda,0,1596171916.9039538
CF_Tcu_InhCda,0,1596171916.9244099
CF_Tcu_InhCda,0,1596171916.9328818
CF_Tcu_InhCda,0,1596171917.002623
CF_Tcu_InhCda,0,1596171917.0721831
CF_Tcu_InhCda,0,1596171917.083984
CF_Tcu_InhCda,0,1596171917.093374
CF_Tcu_InhCda,0,1596171917.104474
CF_Tcu_InhCda,0,1596171917.113142
CF_Tcu_InhCda,0,1596171917.125272
CF_Tcu_InhCda,0,1596171917.133213
CF_Tcu_InhCda,0,1596171917.194688
CF_Tcu_InhCda,0,1596171917.202867
CF_Tcu_InhCda,0,1596171917.215023
CF_Tcu_InhCda,0,1596171917.223404
CF_Tcu_InhCda,0,1596171917.232194
CF_Tcu_InhCda,0,1596171917.354461
CF_Tcu_InhCda,0,1596171917.3631098
CF_Tcu_InhCda,0,1596171917.3750248
CF_Tcu_InhCda,0,1596171917.403671
CF_Tcu_InhCda,0,1596171917.412118
CF_Tcu_InhCda,0,1596171917.4241118
CF_Tcu_InhCda,0,1596171917.452767
CF_Tcu_InhCda,0,1596171917.612873
CF_Tcu_InhCda,0,1596171917.65346
CF_Tcu_InhCda,0,1596171917.665524
CF_Tcu_InhCda,0,1596171917.6743631
CF_Tcu_InhCda,0,1596171917.714873
CF_Tcu_InhCda,0,1596171917.7352722
CF_Tcu_InhCda,0,1596171917.743438
CF_Tcu_InhCda,0,1596171917.8048232
CF_Tcu_InhCda,0,1596171917.813133
CF_Tcu_InhCda,0,1596171917.8257189
CF_Tcu_InhCda,0,1596171917.834029
CF_Tcu_InhCda,0,1596171917.842929
CF_Tcu_InhCda,0,1596171917.8541188
CF_Tcu_InhCda,0,1596171917.9526901
CF_Tcu_InhCda,0,1596171917.9646368
CF_Tcu_InhCda,0,1596171917.993623
CF_Tcu_InhCda,0,1596171918.005526
CF_Tcu_InhCda,0,1596171918.014339
CF_Tcu_InhCda,0,1596171918.02624
CF_Tcu_InhCda,0,1596171918.0342278
CF_Tcu_InhCda,0,1596171918.066976
CF_Tcu_InhCda,0,1596171918.103883
CF_Tcu_InhCda,0,1596171918.1126869
CF_Tcu_InhCda,0,1596171918.124516
CF_Tcu_InhCda,0,1596171918.2840679
CF_Tcu_InhCda,0,1596171918.2932642
CF_Tcu_InhCda,0,1596171918.304747
CF_Tcu_InhCda,0,1596171918.366018
CF_Tcu_InhCda,0,1596171918.432097
CF_Tcu_InhCda,0,1596171918.521978
CF_Tcu_InhCda,0,1596171918.5339608
CF_Tcu_InhCda,0,1596171918.543154
CF_Tcu_InhCda,0,1596171918.554458
CF_Tcu_InhCda,0,1596171918.583626
CF_Tcu_InhCda,0,1596171918.6041238
CF_Tcu_InhCda,0,1596171918.612275
CF_Tcu_InhCda,0,1596171918.624092
CF_Tcu_InhCda,0,1596171918.6326249
CF_Tcu_InhCda,0,1596171918.66493
CF_Tcu_InhCda,0,1596171918.70216
CF_Tcu_InhCda,0,1596171918.7142632
CF_Tcu_InhCda,0,1596171918.722738
CF_Tcu_InhCda,0,1596171918.734693
CF_Tcu_InhCda,0,1596171918.853548
CF_Tcu_InhCda,0,1596171918.862005
CF_Tcu_InhCda,0,1596171918.873999
CF_Tcu_InhCda,0,1596171918.8862321
CF_Tcu_InhCda,0,1596171918.894492
CF_Tcu_InhCda,0,1596171918.906574
CF_Tcu_InhCda,0,1596171918.915367
CF_Tcu_InhCda,0,1596171918.9231944
CF_Tcu_InhCda,0,1596171918.935296
CF_Tcu_InhCda,0,1596171918.964006
CF_Tcu_InhCda,0,1596171918.984443
CF_Tcu_InhCda,0,1596171918.9933028
CF_Tcu_InhCda,0,1596171919.0048869
CF_Tcu_InhCda,0,1596171919.013181
CF_Tcu_InhCda,0,1596171919.0340428
CF_Tcu_InhCda,0,1596171919.0431528
CF_Tcu_InhCda,0,1596171919.0828226
CF_Tcu_InhCda,0,1596171919.164626
CF_Tcu_InhCda,0,1596171919.185062
CF_Tcu_InhCda,0,1596171919.193562
CF_Tcu_InhCda,0,1596171919.263293
CF_Tcu_InhCda,0,1596171919.312609
CF_Tcu_InhCda,0,1596171919.32464
CF_Tcu_InhCda,0,1596171919.336735
CF_Tcu_InhCda,0,1596171919.3740008
CF_Tcu_InhCda,0,1596171919.451969
CF_Tcu_InhCda,0,1596171919.4762182
CF_Tcu_InhCda,0,1596171919.493421
CF_Tcu_InhCda,0,1596171919.504611
CF_Tcu_InhCda,0,1596171919.513294
CF_Tcu_InhCda,0,1596171919.5374136
CF_Tcu_InhCda,0,1596171919.594741
CF_Tcu_InhCda,0,1596171919.6152039
CF_Tcu_InhCda,0,1596171919.623462
CF_Tcu_InhCda,0,1596171919.632056
CF_Tcu_InhCda,0,1596171919.7544794
CF_Tcu_InhCda,0,1596171919.763217
CF_Tcu_InhCda,0,1596171919.775139
CF_Tcu_InhCda,0,1596171919.7836661
CF_Tcu_InhCda,0,1596171919.792392
CF_Tcu_InhCda,0,1596171919.8037848
CF_Tcu_InhCda,0,1596171919.815837
CF_Tcu_InhCda,0,1596171919.824255
CF_Tcu_InhCda,0,1596171919.832281
CF_Tcu_InhCda,0,1596171919.914338
CF_Tcu_InhCda,0,1596171919.922833
CF_Tcu_InhCda,0,1596171919.9515572
CF_Tcu_InhCda,0,1596171919.963555
CF_Tcu_InhCda,0,1596171919.983863
CF_Tcu_InhCda,0,1596171920.033076
CF_Tcu_InhCda,0,1596171920.053803
CF_Tcu_InhCda,0,1596171920.062185
CF_Tcu_InhCda,0,1596171920.0740528
CF_Tcu_InhCda,0,1596171920.082623
CF_Tcu_InhCda,0,1596171920.103085
CF_Tcu_InhCda,0,1596171920.152334
CF_Tcu_InhCda,0,1596171920.213459
CF_Tcu_InhCda,0,1596171920.22575
CF_Tcu_InhCda,0,1596171920.23424
CF_Tcu_InhCda,0,1596171920.242261
CF_Tcu_InhCda,0,1596171920.3034348
CF_Tcu_InhCda,0,1596171920.3239338
CF_Tcu_InhCda,0,1596171920.381501
CF_Tcu_InhCda,0,1596171920.393493
CF_Tcu_InhCda,0,1596171920.4145482
CF_Tcu_InhCda,0,1596171920.4266882
CF_Tcu_InhCda,0,1596171920.483487
CF_Tcu_InhCda,0,1596171920.503948
CF_Tcu_InhCda,0,1596171920.512534
CF_Tcu_InhCda,0,1596171920.5777466
CF_Tcu_InhCda,0,1596171920.66376
CF_Tcu_InhCda,0,1596171920.672431
CF_Tcu_InhCda,0,1596171920.684206
CF_Tcu_InhCda,0,1596171920.693666
CF_Tcu_InhCda,0,1596171920.7047179
CF_Tcu_InhCda,0,1596171920.713382
CF_Tcu_InhCda,0,1596171920.754264
CF_Tcu_InhCda,0,1596171920.774484
CF_Tcu_InhCda,0,1596171920.8235269
CF_Tcu_InhCda,0,1596171920.9956322
CF_Tcu_InhCda,0,1596171921.0042932
CF_Tcu_InhCda,0,1596171921.0123124
CF_Tcu_InhCda,0,1596171921.0242288
CF_Tcu_InhCda,0,1596171921.0733778
CF_Tcu_InhCda,0,1596171921.093858
CF_Tcu_InhCda,0,1596171921.102397
CF_Tcu_InhCda,0,1596171921.114294
CF_Tcu_InhCda,0,1596171921.1267471
CF_Tcu_InhCda,0,1596171921.233206
CF_Tcu_InhCda,0,1596171921.2536352
CF_Tcu_InhCda,0,1596171921.274124
CF_Tcu_InhCda,0,1596171921.294549
CF_Tcu_InhCda,0,1596171921.3028
CF_Tcu_InhCda,0,1596171921.3149939
CF_Tcu_InhCda,0,1596171921.352333
CF_Tcu_InhCda,0,1596171921.4338062
CF_Tcu_InhCda,0,1596171921.4542148
CF_Tcu_InhCda,0,1596171921.532488
CF_Tcu_InhCda,0,1596171921.5730536
CF_Tcu_InhCda,0,1596171921.585284
CF_Tcu_InhCda,0,1596171921.593688
CF_Tcu_InhCda,0,1596171921.654994
CF_Tcu_InhCda,0,1596171921.6835918
CF_Tcu_InhCda,0,1596171921.724578
CF_Tcu_InhCda,0,1596171921.76222
CF_Tcu_InhCda,0,1596171921.773792
CF_Tcu_InhCda,0,1596171921.794227
CF_Tcu_InhCda,0,1596171921.863852
CF_Tcu_InhCda,0,1596171921.872433
CF_Tcu_InhCda,0,1596171921.8843212
CF_Tcu_InhCda,0,1596171921.8929849
CF_Tcu_InhCda,0,1596171921.904795
CF_Tcu_InhCda,0,1596171921.913331
CF_Tcu_InhCda,0,1596171921.9540539
CF_Tcu_InhCda,0,1596171921.974384
CF_Tcu_InhCda,0,1596171921.994901
CF_Tcu_InhCda,0,1596171922.003191
CF_Tcu_InhCda,0,1596171922.0153294
CF_Tcu_InhCda,0,1596171922.023596
CF_Tcu_InhCda,0,1596171922.13413
CF_Tcu_InhCda,0,1596171922.1546462
CF_Tcu_InhCda,0,1596171922.1631188
CF_Tcu_InhCda,0,1596171922.1754231
CF_Tcu_InhCda,0,1596171922.1957982
CF_Tcu_InhCda,0,1596171922.203916
CF_Tcu_InhCda,0,1596171922.212716
CF_Tcu_InhCda,0,1596171922.224341
CF_Tcu_InhCda,0,1596171922.30249
CF_Tcu_InhCda,0,1596171922.314404
CF_Tcu_InhCda,0,1596171922.323044
CF_Tcu_InhCda,0,1596171922.3635368
CF_Tcu_InhCda,0,1596171922.474282
CF_Tcu_InhCda,0,1596171922.4947731
CF_Tcu_InhCda,0,1596171922.556067
CF_Tcu_InhCda,0,1596171922.572505
CF_Tcu_InhCda,0,1596171922.584662
CF_Tcu_InhCda,0,1596171922.6051874
CF_Tcu_InhCda,0,1596171922.6339052
CF_Tcu_InhCda,0,1596171922.6711402
CF_Tcu_InhCda,0,1596171922.69139
CF_Tcu_InhCda,0,1596171922.712062
CF_Tcu_InhCda,0,1596171922.753047
CF_Tcu_InhCda,0,1596171922.7648408
CF_Tcu_InhCda,0,1596171922.7731352
CF_Tcu_InhCda,0,1596171922.785356
CF_Tcu_InhCda,0,1596171922.794256
CF_Tcu_InhCda,0,1596171922.8140619
CF_Tcu_InhCda,0,1596171922.822658
CF_Tcu_InhCda,0,1596171922.8718948
CF_Tcu_InhCda,0,1596171922.883669
CF_Tcu_InhCda,0,1596171922.89294
CF_Tcu_InhCda,0,1596171922.904276
CF_Tcu_InhCda,0,1596171923.052227
CF_Tcu_InhCda,0,1596171923.064095
CF_Tcu_InhCda,0,1596171923.072505
CF_Tcu_InhCda,0,1596171923.093483
CF_Tcu_InhCda,0,1596171923.1541052
CF_Tcu_InhCda,0,1596171923.194956
CF_Tcu_InhCda,0,1596171923.203768
CF_Tcu_InhCda,0,1596171923.215471
CF_Tcu_InhCda,0,1596171923.2236052
CF_Tcu_InhCda,0,1596171923.2358801
CF_Tcu_InhCda,0,1596171923.264641
CF_Tcu_InhCda,0,1596171923.3139331
CF_Tcu_InhCda,0,1596171923.322222
CF_Tcu_InhCda,0,1596171923.3342366
CF_Tcu_InhCda,0,1596171923.4243588
CF_Tcu_InhCda,0,1596171923.4822
CF_Tcu_InhCda,0,1596171923.4939618
CF_Tcu_InhCda,0,1596171923.522701
CF_Tcu_InhCda,0,1596171923.612889
CF_Tcu_InhCda,0,1596171923.6332018
CF_Tcu_InhCda,0,1596171923.6537619
CF_Tcu_InhCda,0,1596171923.6623368
CF_Tcu_InhCda,0,1596171923.674316
CF_Tcu_InhCda,0,1596171923.7152488
CF_Tcu_InhCda,0,1596171923.7729099
CF_Tcu_InhCda,0,1596171923.8543518
CF_Tcu_InhCda,0,1596171923.883074
CF_Tcu_InhCda,0,1596171923.953168
CF_Tcu_InhCda,0,1596171923.973191
CF_Tcu_InhCda,0,1596171924.112777
CF_Tcu_InhCda,0,1596171924.141875
CF_Tcu_InhCda,0,1596171924.153497
CF_Tcu_InhCda,0,1596171924.2147698
CF_Tcu_InhCda,0,1596171924.3746212
CF_Tcu_InhCda,0,1596171924.39502
CF_Tcu_InhCda,0,1596171924.513717
CF_Tcu_InhCda,0,1596171924.522047
CF_Tcu_InhCda,0,1596171924.554707
CF_Tcu_InhCda,0,1596171924.575468
CF_Tcu_InhCda,0,1596171924.592546
CF_Tcu_InhCda,0,1596171924.612659
CF_Tcu_InhCda,0,1596171924.632664
CF_Tcu_InhCda,0,1596171924.694126
CF_Tcu_InhCda,0,1596171924.714663
CF_Tcu_InhCda,0,1596171924.731461
CF_Tcu_InhCda,0,1596171924.7841039
CF_Tcu_InhCda,0,1596171924.915284
CF_Tcu_InhCda,0,1596171925.0136352
CF_Tcu_InhCda,0,1596171925.0259051
CF_Tcu_InhCda,0,1596171925.034065
CF_Tcu_InhCda,0,1596171925.062803
CF_Tcu_InhCda,0,1596171925.10371
CF_Tcu_InhCda,0,1596171925.164924
CF_Tcu_InhCda,0,1596171925.173693
CF_Tcu_InhCda,0,1596171925.1943512
CF_Tcu_InhCda,0,1596171925.2060149
CF_Tcu_InhCda,0,1596171925.263459
CF_Tcu_InhCda,0,1596171925.271904
CF_Tcu_InhCda,0,1596171925.293119
CF_Tcu_InhCda,0,1596171925.324784
CF_Tcu_InhCda,0,1596171925.4439259
CF_Tcu_InhCda,0,1596171925.464128
CF_Tcu_InhCda,0,1596171925.4765651
CF_Tcu_InhCda,0,1596171925.50103
CF_Tcu_InhCda,0,1596171925.611916
CF_Tcu_InhCda,0,1596171925.623855
CF_Tcu_InhCda,0,1596171925.6325052
CF_Tcu_InhCda,0,1596171925.6935198
CF_Tcu_InhCda,0,1596171925.701673
CF_Tcu_InhCda,0,1596171925.722393
CF_Tcu_InhCda,0,1596171925.755027
CF_Tcu_InhCda,0,1596171925.7717829
CF_Tcu_InhCda,0,1596171925.7959738
CF_Tcu_InhCda,0,1596171925.804557
CF_Tcu_InhCda,0,1596171925.8330462
CF_Tcu_InhCda,0,1596171925.873621
CF_Tcu_InhCda,0,1596171925.8858306
CF_Tcu_InhCda,0,1596171925.914578
CF_Tcu_InhCda,0,1596171925.923384
CF_Tcu_InhCda,0,1596171926.013001
CF_Tcu_InhCda,0,1596171926.025192
CF_Tcu_InhCda,0,1596171926.0624359
CF_Tcu_InhCda,0,1596171926.074502
CF_Tcu_InhCda,0,1596171926.083251
CF_Tcu_InhCda,0,1596171926.094899
CF_Tcu_InhCda,0,1596171926.103096
CF_Tcu_InhCda,0,1596171926.115268
CF_Tcu_InhCda,0,1596171926.1643472
CF_Tcu_InhCda,0,1596171926.213809
CF_Tcu_InhCda,0,1596171926.3325882
CF_Tcu_InhCda,0,1596171926.5250561
CF_Tcu_InhCda,0,1596171926.562457
CF_Tcu_InhCda,0,1596171926.664157
CF_Tcu_InhCda,0,1596171926.6727571
CF_Tcu_InhCda,0,1596171926.6845682
CF_Tcu_InhCda,0,1596171926.693608
CF_Tcu_InhCda,0,1596171926.713273
CF_Tcu_InhCda,0,1596171926.775002
CF_Tcu_InhCda,0,1596171926.7829409
CF_Tcu_InhCda,0,1596171926.8035572
CF_Tcu_InhCda,0,1596171926.913942
CF_Tcu_InhCda,0,1596171926.9344409
CF_Tcu_InhCda,0,1596171926.954937
CF_Tcu_InhCda,0,1596171926.9635339
CF_Tcu_InhCda,0,1596171926.9759061
CF_Tcu_InhCda,0,1596171926.9836788
CF_Tcu_InhCda,0,1596171926.99578
CF_Tcu_InhCda,0,1596171927.004577
CF_Tcu_InhCda,0,1596171927.0245788
CF_Tcu_InhCda,0,1596171927.086019
CF_Tcu_InhCda,0,1596171927.102428
CF_Tcu_InhCda,0,1596171927.114671
CF_Tcu_InhCda,0,1596171927.122925
CF_Tcu_InhCda,0,1596171927.172363
CF_Tcu_InhCda,0,1596171927.21326
CF_Tcu_InhCda,0,1596171927.2334929
CF_Tcu_InhCda,0,1596171927.2626162
CF_Tcu_InhCda,0,1596171927.2744708
CF_Tcu_InhCda,0,1596171927.294903
CF_Tcu_InhCda,0,1596171927.315326
CF_Tcu_InhCda,0,1596171927.372844
CF_Tcu_InhCda,0,1596171927.384979
CF_Tcu_InhCda,0,1596171927.39345
CF_Tcu_InhCda,0,1596171927.405449
CF_Tcu_InhCda,0,1596171927.4141626
CF_Tcu_InhCda,0,1596171927.4224598
CF_Tcu_InhCda,0,1596171927.4341118
CF_Tcu_InhCda,0,1596171927.492727
CF_Tcu_InhCda,0,1596171927.55339
CF_Tcu_InhCda,0,1596171927.5653162
CF_Tcu_InhCda,0,1596171927.573909
CF_Tcu_InhCda,0,1596171927.585693
CF_Tcu_InhCda,0,1596171927.59391
CF_Tcu_InhCda,0,1596171927.602424
CF_Tcu_InhCda,0,1596171927.6635802
CF_Tcu_InhCda,0,1596171927.6840162
CF_Tcu_InhCda,0,1596171927.7128232
CF_Tcu_InhCda,0,1596171927.8559446
CF_Tcu_InhCda,0,1596171927.864372
CF_Tcu_InhCda,0,1596171927.983364
CF_Tcu_InhCda,0,1596171927.9953358
CF_Tcu_InhCda,0,1596171928.012266
CF_Tcu_InhCda,0,1596171928.0239546
CF_Tcu_InhCda,0,1596171928.064843
CF_Tcu_InhCda,0,1596171928.114082
CF_Tcu_InhCda,0,1596171928.143136
CF_Tcu_InhCda,0,1596171928.1758444
CF_Tcu_InhCda,0,1596171928.183704
CF_Tcu_InhCda,0,1596171928.195897
CF_Tcu_InhCda,0,1596171928.204234
CF_Tcu_InhCda,0,1596171928.2124321
CF_Tcu_InhCda,0,1596171928.261951
CF_Tcu_InhCda,0,1596171928.3025382
CF_Tcu_InhCda,0,1596171928.3110662
CF_Tcu_InhCda,0,1596171928.3229704
CF_Tcu_InhCda,0,1596171928.453973
CF_Tcu_InhCda,0,1596171928.462549
CF_Tcu_InhCda,0,1596171928.474693
CF_Tcu_InhCda,0,1596171928.4831462
CF_Tcu_InhCda,0,1596171928.491515
CF_Tcu_InhCda,0,1596171928.503316
CF_Tcu_InhCda,0,1596171928.5116649
CF_Tcu_InhCda,0,1596171928.5321949
CF_Tcu_InhCda,0,1596171928.5441039
CF_Tcu_InhCda,0,1596171928.5816
CF_Tcu_InhCda,0,1596171928.6055171
CF_Tcu_InhCda,0,1596171928.614057
CF_Tcu_InhCda,0,1596171928.6833026
CF_Tcu_InhCda,0,1596171928.732894
CF_Tcu_InhCda,0,1596171928.7534711
CF_Tcu_InhCda,0,1596171928.7940214
CF_Tcu_InhCda,0,1596171928.8721018
CF_Tcu_InhCda,0,1596171928.884086
CF_Tcu_InhCda,0,1596171928.893675
CF_Tcu_InhCda,0,1596171928.904651
CF_Tcu_InhCda,0,1596171928.9827812
CF_Tcu_InhCda,0,1596171929.0355892
CF_Tcu_InhCda,0,1596171929.052325
CF_Tcu_InhCda,0,1596171929.064351
CF_Tcu_InhCda,0,1596171929.073036
CF_Tcu_InhCda,0,1596171929.0850408
CF_Tcu_InhCda,0,1596171929.0937538
CF_Tcu_InhCda,0,1596171929.105289
CF_Tcu_InhCda,0,1596171929.1220741
CF_Tcu_InhCda,0,1596171929.174968
CF_Tcu_InhCda,0,1596171929.183079
CF_Tcu_InhCda,0,1596171929.192114
CF_Tcu_InhCda,0,1596171929.3223631
CF_Tcu_InhCda,0,1596171929.334635
CF_Tcu_InhCda,0,1596171929.383744
CF_Tcu_InhCda,0,1596171929.51465
CF_Tcu_InhCda,0,1596171929.52336
CF_Tcu_InhCda,0,1596171929.572491
CF_Tcu_InhCda,0,1596171929.613375
CF_Tcu_InhCda,0,1596171929.633591
CF_Tcu_InhCda,0,1596171929.66265
CF_Tcu_InhCda,0,1596171929.68281
CF_Tcu_InhCda,0,1596171929.6949449
CF_Tcu_InhCda,0,1596171929.7033448
CF_Tcu_InhCda,0,1596171929.7117784
CF_Tcu_InhCda,0,1596171929.8138602
CF_Tcu_InhCda,0,1596171929.924381
CF_Tcu_InhCda,0,1596171929.9325562
CF_Tcu_InhCda,0,1596171929.953179
CF_Tcu_InhCda,0,1596171929.9652634
CF_Tcu_InhCda,0,1596171929.9736052
CF_Tcu_InhCda,0,1596171929.9857519
CF_Tcu_InhCda,0,1596171929.9944088
CF_Tcu_InhCda,0,1596171930.0027046
CF_Tcu_InhCda,0,1596171930.121554
CF_Tcu_InhCda,0,1596171930.17073
CF_Tcu_InhCda,0,1596171930.2234306
CF_Tcu_InhCda,0,1596171930.252367
CF_Tcu_InhCda,0,1596171930.264417
CF_Tcu_InhCda,0,1596171930.322046
CF_Tcu_InhCda,0,1596171930.383188
CF_Tcu_InhCda,0,1596171930.3955672
CF_Tcu_InhCda,0,1596171930.404205
CF_Tcu_InhCda,0,1596171930.415808
CF_Tcu_InhCda,0,1596171930.4240751
CF_Tcu_InhCda,0,1596171930.4325912
CF_Tcu_InhCda,0,1596171930.534631
CF_Tcu_InhCda,0,1596171930.555135
CF_Tcu_InhCda,0,1596171930.5633569
CF_Tcu_InhCda,0,1596171930.575732
CF_Tcu_InhCda,0,1596171930.5839071
CF_Tcu_InhCda,0,1596171930.5962849
CF_Tcu_InhCda,0,1596171930.6007
CF_Tcu_InhCda,0,1596171930.6536946
CF_Tcu_InhCda,0,1596171930.6946108
CF_Tcu_InhCda,0,1596171930.7028394
CF_Tcu_InhCda,0,1596171930.714808
CF_Tcu_InhCda,0,1596171930.854393
CF_Tcu_InhCda,0,1596171930.8747962
CF_Tcu_InhCda,0,1596171930.883041
CF_Tcu_InhCda,0,1596171930.895081
CF_Tcu_InhCda,0,1596171930.903713
CF_Tcu_InhCda,0,1596171931.0056028
CF_Tcu_InhCda,0,1596171931.062966
CF_Tcu_InhCda,0,1596171931.1207788
CF_Tcu_InhCda,0,1596171931.132637
CF_Tcu_InhCda,0,1596171931.1821961
CF_Tcu_InhCda,0,1596171931.31288
CF_Tcu_InhCda,0,1596171931.325131
CF_Tcu_InhCda,0,1596171931.362717
CF_Tcu_InhCda,0,1596171931.374291
CF_Tcu_InhCda,0,1596171931.4116259
CF_Tcu_InhCda,0,1596171931.452182
CF_Tcu_InhCda,0,1596171931.464343
CF_Tcu_InhCda,0,1596171931.513664
CF_Tcu_InhCda,0,1596171931.562988
CF_Tcu_InhCda,0,1596171931.583304
CF_Tcu_InhCda,0,1596171931.7142
CF_Tcu_InhCda,0,1596171931.722507
CF_Tcu_InhCda,0,1596171931.7637384
CF_Tcu_InhCda,0,1596171931.7838619
CF_Tcu_InhCda,0,1596171931.882567
CF_Tcu_InhCda,0,1596171931.9032679
CF_Tcu_InhCda,0,1596171931.923112
CF_Tcu_InhCda,0,1596171931.9845572
CF_Tcu_InhCda,0,1596171932.0133374
CF_Tcu_InhCda,0,1596171932.025491
CF_Tcu_InhCda,0,1596171932.0624454
CF_Tcu_InhCda,0,1596171932.0833158
CF_Tcu_InhCda,0,1596171932.103858
CF_Tcu_InhCda,0,1596171932.161144
CF_Tcu_InhCda,0,1596171932.1852288
CF_Tcu_InhCda,0,1596171932.222539
CF_Tcu_InhCda,0,1596171932.353201
CF_Tcu_InhCda,0,1596171932.3941374
CF_Tcu_InhCda,0,1596171932.4027221
CF_Tcu_InhCda,0,1596171932.4637704
CF_Tcu_InhCda,0,1596171932.521524
CF_Tcu_InhCda,0,1596171932.570611
CF_Tcu_InhCda,0,1596171932.591208
CF_Tcu_InhCda,0,1596171932.632281
CF_Tcu_InhCda,0,1596171932.792228
CF_Tcu_InhCda,0,1596171932.803784
CF_Tcu_InhCda,0,1596171932.8242216
CF_Tcu_InhCda,0,1596171932.832389
CF_Tcu_InhCda,0,1596171932.8447528
CF_Tcu_InhCda,0,1596171932.873353
CF_Tcu_InhCda,0,1596171932.893888
CF_Tcu_InhCda,0,1596171932.9634812
CF_Tcu_InhCda,0,1596171932.984343
CF_Tcu_InhCda,0,1596171932.996383
CF_Tcu_InhCda,0,1596171933.004473
CF_Tcu_InhCda,0,1596171933.062135
CF_Tcu_InhCda,0,1596171933.0827868
CF_Tcu_InhCda,0,1596171933.094484
CF_Tcu_InhCda,0,1596171933.1028216
CF_Tcu_InhCda,0,1596171933.115051
CF_Tcu_InhCda,0,1596171933.1319091
CF_Tcu_InhCda,0,1596171933.2132812
CF_Tcu_InhCda,0,1596171933.221566
CF_Tcu_InhCda,0,1596171933.254514
CF_Tcu_InhCda,0,1596171933.27114
CF_Tcu_InhCda,0,1596171933.2829869
CF_Tcu_InhCda,0,1596171933.295159
CF_Tcu_InhCda,0,1596171933.303958
CF_Tcu_InhCda,0,1596171933.39391
CF_Tcu_InhCda,0,1596171933.4138749
CF_Tcu_InhCda,0,1596171933.4429374
CF_Tcu_InhCda,0,1596171933.49266
CF_Tcu_InhCda,0,1596171933.512727
CF_Tcu_InhCda,0,1596171933.5246286
CF_Tcu_InhCda,0,1596171933.533155
CF_Tcu_InhCda,0,1596171933.635236
CF_Tcu_InhCda,0,1596171933.651683
CF_Tcu_InhCda,0,1596171933.672503
CF_Tcu_InhCda,0,1596171933.6843462
CF_Tcu_InhCda,0,1596171933.69394
CF_Tcu_InhCda,0,1596171933.704927
CF_Tcu_InhCda,0,1596171933.72176
CF_Tcu_InhCda,0,1596171933.823623
CF_Tcu_InhCda,0,1596171933.832225
CF_Tcu_InhCda,0,1596171933.856302
CF_Tcu_InhCda,0,1596171933.864609
CF_Tcu_InhCda,0,1596171933.873148
CF_Tcu_InhCda,0,1596171933.8851056
CF_Tcu_InhCda,0,1596171933.8934288
CF_Tcu_InhCda,0,1596171933.934709
CF_Tcu_InhCda,0,1596171933.9833019
CF_Tcu_InhCda,0,1596171934.053053
CF_Tcu_InhCda,0,1596171934.1226509
CF_Tcu_InhCda,0,1596171934.13492
CF_Tcu_InhCda,0,1596171934.163769
CF_Tcu_InhCda,0,1596171934.1720908
CF_Tcu_InhCda,0,1596171934.184015
CF_Tcu_InhCda,0,1596171934.291109
CF_Tcu_InhCda,0,1596171934.302866
CF_Tcu_InhCda,0,1596171934.3149981
CF_Tcu_InhCda,0,1596171934.323355
CF_Tcu_InhCda,0,1596171934.413404
CF_Tcu_InhCda,0,1596171934.475109
CF_Tcu_InhCda,0,1596171934.483526
CF_Tcu_InhCda,0,1596171934.5528061
CF_Tcu_InhCda,0,1596171934.593952
CF_Tcu_InhCda,0,1596171934.602344
CF_Tcu_InhCda,0,1596171934.614059
CF_Tcu_InhCda,0,1596171934.6635
CF_Tcu_InhCda,0,1596171934.733634
CF_Tcu_InhCda,0,1596171934.7534778
CF_Tcu_InhCda,0,1596171934.762006
CF_Tcu_InhCda,0,1596171934.77395
CF_Tcu_InhCda,0,1596171934.786142
CF_Tcu_InhCda,0,1596171934.794358
CF_Tcu_InhCda,0,1596171934.802874
CF_Tcu_InhCda,0,1596171934.904871
CF_Tcu_InhCda,0,1596171934.9216962
CF_Tcu_InhCda,0,1596171935.0118198
CF_Tcu_InhCda,0,1596171935.023694
CF_Tcu_InhCda,0,1596171935.03228
CF_Tcu_InhCda,0,1596171935.113898
CF_Tcu_InhCda,0,1596171935.12238
CF_Tcu_InhCda,0,1596171935.151078
CF_Tcu_InhCda,0,1596171935.163177
CF_Tcu_InhCda,0,1596171935.1755774
CF_Tcu_InhCda,0,1596171935.203883
CF_Tcu_InhCda,0,1596171935.212533
CF_Tcu_InhCda,0,1596171935.334962
CF_Tcu_InhCda,0,1596171935.363671
CF_Tcu_InhCda,0,1596171935.3721864
CF_Tcu_InhCda,0,1596171935.384151
CF_Tcu_InhCda,0,1596171935.4049141
CF_Tcu_InhCda,0,1596171935.4538028
CF_Tcu_InhCda,0,1596171935.462647
CF_Tcu_InhCda,0,1596171935.474352
CF_Tcu_InhCda,0,1596171935.4830868
CF_Tcu_InhCda,0,1596171935.5031009
CF_Tcu_InhCda,0,1596171935.515187
CF_Tcu_InhCda,0,1596171935.5439
CF_Tcu_InhCda,0,1596171935.654525
CF_Tcu_InhCda,0,1596171935.6630874
CF_Tcu_InhCda,0,1596171935.6750731
CF_Tcu_InhCda,0,1596171935.683143
CF_Tcu_InhCda,0,1596171935.6923034
CF_Tcu_InhCda,0,1596171935.752814
CF_Tcu_InhCda,0,1596171935.793825
CF_Tcu_InhCda,0,1596171935.8023689
CF_Tcu_InhCda,0,1596171935.8141398
CF_Tcu_InhCda,0,1596171935.9043784
CF_Tcu_InhCda,0,1596171935.9129279
CF_Tcu_InhCda,0,1596171935.924926
CF_Tcu_InhCda,0,1596171935.953443
CF_Tcu_InhCda,0,1596171935.962028
CF_Tcu_InhCda,0,1596171936.0030248
CF_Tcu_InhCda,0,1596171936.0352821
CF_Tcu_InhCda,0,1596171936.0639849
CF_Tcu_InhCda,0,1596171936.072875
CF_Tcu_InhCda,0,1596171936.0845
CF_Tcu_InhCda,0,1596171936.104867
CF_Tcu_InhCda,0,1596171936.113451
CF_Tcu_InhCda,0,1596171936.1258
CF_Tcu_InhCda,0,1596171936.2237592
CF_Tcu_InhCda,0,1596171936.264758
CF_Tcu_InhCda,0,1596171936.2816179
CF_Tcu_InhCda,0,1596171936.2937448
CF_Tcu_InhCda,0,1596171936.38349
CF_Tcu_InhCda,0,1596171936.482265
CF_Tcu_InhCda,0,1596171936.502896
CF_Tcu_InhCda,0,1596171936.543586
CF_Tcu_InhCda,0,1596171936.552059
CF_Tcu_InhCda,0,1596171936.5638149
CF_Tcu_InhCda,0,1596171936.6623461
CF_Tcu_InhCda,0,1596171936.67427
CF_Tcu_InhCda,0,1596171936.682532
CF_Tcu_InhCda,0,1596171936.694884
CF_Tcu_InhCda,0,1596171936.703469
CF_Tcu_InhCda,0,1596171936.715199
CF_Tcu_InhCda,0,1596171936.724104
CF_Tcu_InhCda,0,1596171936.7438898
CF_Tcu_InhCda,0,1596171936.854465
CF_Tcu_InhCda,0,1596171936.863136
CF_Tcu_InhCda,0,1596171936.8751981
CF_Tcu_InhCda,0,1596171936.883546
CF_Tcu_InhCda,0,1596171936.895593
CF_Tcu_InhCda,0,1596171936.9364471
CF_Tcu_InhCda,0,1596171936.9937851
CF_Tcu_InhCda,0,1596171937.002377
CF_Tcu_InhCda,0,1596171937.0924318
CF_Tcu_InhCda,0,1596171937.112715
CF_Tcu_InhCda,0,1596171937.121404
CF_Tcu_InhCda,0,1596171937.133054
CF_Tcu_InhCda,0,1596171937.153962
CF_Tcu_InhCda,0,1596171937.165757
CF_Tcu_InhCda,0,1596171937.174133
CF_Tcu_InhCda,0,1596171937.182981
CF_Tcu_InhCda,0,1596171937.1946368
CF_Tcu_InhCda,0,1596171937.231778
CF_Tcu_InhCda,0,1596171937.30493
CF_Tcu_InhCda,0,1596171937.342807
CF_Tcu_InhCda,0,1596171937.374826
CF_Tcu_InhCda,0,1596171937.4238632
CF_Tcu_InhCda,0,1596171937.432479
CF_Tcu_InhCda,0,1596171937.5549312
CF_Tcu_InhCda,0,1596171937.5634408
CF_Tcu_InhCda,0,1596171937.592993
CF_Tcu_InhCda,0,1596171937.604072
CF_Tcu_InhCda,0,1596171937.612567
CF_Tcu_InhCda,0,1596171937.682244
CF_Tcu_InhCda,0,1596171937.702658
CF_Tcu_InhCda,0,1596171937.763826
CF_Tcu_InhCda,0,1596171937.772368
CF_Tcu_InhCda,0,1596171937.7842636
CF_Tcu_InhCda,0,1596171937.796712
CF_Tcu_InhCda,0,1596171937.825384
CF_Tcu_InhCda,0,1596171937.853873
CF_Tcu_InhCda,0,1596171937.862423
CF_Tcu_InhCda,0,1596171938.0222
CF_Tcu_InhCda,0,1596171938.0341089
CF_Tcu_InhCda,0,1596171938.054749
CF_Tcu_InhCda,0,1596171938.0628624
CF_Tcu_InhCda,0,1596171938.0749831
CF_Tcu_InhCda,0,1596171938.083717
CF_Tcu_InhCda,0,1596171938.1249
CF_Tcu_InhCda,0,1596171938.132458
CF_Tcu_InhCda,0,1596171938.173474
CF_Tcu_InhCda,0,1596171938.1855938
CF_Tcu_InhCda,0,1596171938.194228
CF_Tcu_InhCda,0,1596171938.202025
CF_Tcu_InhCda,0,1596171938.214375
CF_Tcu_InhCda,0,1596171938.251658
CF_Tcu_InhCda,0,1596171938.2931972
CF_Tcu_InhCda,0,1596171938.3132591
CF_Tcu_InhCda,0,1596171938.353676
CF_Tcu_InhCda,0,1596171938.3742974
CF_Tcu_InhCda,0,1596171938.423257
CF_Tcu_InhCda,0,1596171938.4724329
CF_Tcu_InhCda,0,1596171938.484565
CF_Tcu_InhCda,0,1596171938.493494
CF_Tcu_InhCda,0,1596171938.5051188
CF_Tcu_InhCda,0,1596171938.612024
CF_Tcu_InhCda,0,1596171938.623939
CF_Tcu_InhCda,0,1596171938.632558
CF_Tcu_InhCda,0,1596171938.653085
CF_Tcu_InhCda,0,1596171938.6646988
CF_Tcu_InhCda,0,1596171938.673432
CF_Tcu_InhCda,0,1596171938.7226698
CF_Tcu_InhCda,0,1596171938.7718
CF_Tcu_InhCda,0,1596171938.9314358
CF_Tcu_InhCda,0,1596171938.952048
CF_Tcu_InhCda,0,1596171938.9638689
CF_Tcu_InhCda,0,1596171939.0215092
CF_Tcu_InhCda,0,1596171939.062598
CF_Tcu_InhCda,0,1596171939.0949206
CF_Tcu_InhCda,0,1596171939.103786
CF_Tcu_InhCda,0,1596171939.1522694
CF_Tcu_InhCda,0,1596171939.2137039
CF_Tcu_InhCda,0,1596171939.22233
CF_Tcu_InhCda,0,1596171939.2546349
CF_Tcu_InhCda,0,1596171939.275475
CF_Tcu_InhCda,0,1596171939.2923908
CF_Tcu_InhCda,0,1596171939.324399
CF_Tcu_InhCda,0,1596171939.361818
CF_Tcu_InhCda,0,1596171939.373559
CF_Tcu_InhCda,0,1596171939.382218
CF_Tcu_InhCda,0,1596171939.393926
CF_Tcu_InhCda,0,1596171939.402456
CF_Tcu_InhCda,0,1596171939.533254
CF_Tcu_InhCda,0,1596171939.562219
CF_Tcu_InhCda,0,1596171939.631947
CF_Tcu_InhCda,0,1596171939.6846519
CF_Tcu_InhCda,0,1596171939.6935859
CF_Tcu_InhCda,0,1596171939.8239932
CF_Tcu_InhCda,0,1596171939.8325062
CF_Tcu_InhCda,0,1596171939.9631832
CF_Tcu_InhCda,0,1596171939.9757519
CF_Tcu_InhCda,0,1596171939.995986
CF_Tcu_InhCda,0,1596171940.0129461
CF_Tcu_InhCda,0,1596171940.102585
CF_Tcu_InhCda,0,1596171940.1147802
CF_Tcu_InhCda,0,1596171940.1352642
CF_Tcu_InhCda,0,1596171940.1519039
CF_Tcu_InhCda,0,1596171940.1721249
CF_Tcu_InhCda,0,1596171940.3122725
CF_Tcu_InhCda,0,1596171940.352391
CF_Tcu_InhCda,0,1596171940.3728142
CF_Tcu_InhCda,0,1596171940.413784
CF_Tcu_InhCda,0,1596171940.434241
CF_Tcu_InhCda,0,1596171940.573517
CF_Tcu_InhCda,0,1596171940.594008
CF_Tcu_InhCda,0,1596171940.614588
CF_Tcu_InhCda,0,1596171940.684059
CF_Tcu_InhCda,0,1596171940.713105
CF_Tcu_InhCda,0,1596171940.7537868
CF_Tcu_InhCda,0,1596171940.762059
CF_Tcu_InhCda,0,1596171940.774275
CF_Tcu_InhCda,0,1596171940.802874
CF_Tcu_InhCda,0,1596171940.872854
CF_Tcu_InhCda,0,1596171940.8943338
CF_Tcu_InhCda,0,1596171940.92209
CF_Tcu_InhCda,0,1596171941.0239642
CF_Tcu_InhCda,0,1596171941.0327358
CF_Tcu_InhCda,0,1596171941.052874
CF_Tcu_InhCda,0,1596171941.0732539
CF_Tcu_InhCda,0,1596171941.094568
CF_Tcu_InhCda,0,1596171941.102217
CF_Tcu_InhCda,0,1596171941.12272
CF_Tcu_InhCda,0,1596171941.151495
CF_Tcu_InhCda,0,1596171941.2126
CF_Tcu_InhCda,0,1596171941.331795
CF_Tcu_InhCda,0,1596171941.36064
CF_Tcu_InhCda,0,1596171941.482861
CF_Tcu_InhCda,0,1596171941.49509
CF_Tcu_InhCda,0,1596171941.503412
CF_Tcu_InhCda,0,1596171941.5729222
CF_Tcu_InhCda,0,1596171941.581638
CF_Tcu_InhCda,0,1596171941.6429162
CF_Tcu_InhCda,0,1596171941.654721
CF_Tcu_InhCda,0,1596171941.675491
CF_Tcu_InhCda,0,1596171941.695762
CF_Tcu_InhCda,0,1596171941.725678
CF_Tcu_InhCda,0,1596171941.7531722
CF_Tcu_InhCda,0,1596171941.765328
CF_Tcu_InhCda,0,1596171941.7736778
CF_Tcu_InhCda,0,1596171941.78241
CF_Tcu_InhCda,0,1596171941.794073
CF_Tcu_InhCda,0,1596171941.802506
CF_Tcu_InhCda,0,1596171941.9214098
CF_Tcu_InhCda,0,1596171941.933404
CF_Tcu_InhCda,0,1596171941.9538536
CF_Tcu_InhCda,0,1596171941.962375
CF_Tcu_InhCda,0,1596171941.974399
CF_Tcu_InhCda,0,1596171941.982836
CF_Tcu_InhCda,0,1596171942.023426
CF_Tcu_InhCda,0,1596171942.031945
CF_Tcu_InhCda,0,1596171942.084748
CF_Tcu_InhCda,0,1596171942.093516
CF_Tcu_InhCda,0,1596171942.121728
CF_Tcu_InhCda,0,1596171942.142504
CF_Tcu_InhCda,0,1596171942.212242
CF_Tcu_InhCda,0,1596171942.224173
CF_Tcu_InhCda,0,1596171942.232725
CF_Tcu_InhCda,0,1596171942.282003
CF_Tcu_InhCda,0,1596171942.322819
CF_Tcu_InhCda,0,1596171942.363549
CF_Tcu_InhCda,0,1596171942.3719249
CF_Tcu_InhCda,0,1596171942.383795
CF_Tcu_InhCda,0,1596171942.3930292
CF_Tcu_InhCda,0,1596171942.4043472
CF_Tcu_InhCda,0,1596171942.416641
CF_Tcu_InhCda,0,1596171942.482435
CF_Tcu_InhCda,0,1596171942.523138
CF_Tcu_InhCda,0,1596171942.5316448
CF_Tcu_InhCda,0,1596171942.5521688
CF_Tcu_InhCda,0,1596171942.5723069
CF_Tcu_InhCda,0,1596171942.584482
CF_Tcu_InhCda,0,1596171942.633701
CF_Tcu_InhCda,0,1596171942.654117
CF_Tcu_InhCda,0,1596171942.6624794
CF_Tcu_InhCda,0,1596171942.674835
CF_Tcu_InhCda,0,1596171942.7037358
CF_Tcu_InhCda,0,1596171942.7238069
CF_Tcu_InhCda,0,1596171942.822405
CF_Tcu_InhCda,0,1596171942.834383
CF_Tcu_InhCda,0,1596171942.8548632
CF_Tcu_InhCda,0,1596171942.863116
CF_Tcu_InhCda,0,1596171942.982308
CF_Tcu_InhCda,0,1596171942.994247
CF_Tcu_InhCda,0,1596171943.006382
CF_Tcu_InhCda,0,1596171943.010866
CF_Tcu_InhCda,0,1596171943.092896
CF_Tcu_InhCda,0,1596171943.1538868
CF_Tcu_InhCda,0,1596171943.166114
CF_Tcu_InhCda,0,1596171943.174438
CF_Tcu_InhCda,0,1596171943.186667
CF_Tcu_InhCda,0,1596171943.191555
CF_Tcu_InhCda,0,1596171943.211632
CF_Tcu_InhCda,0,1596171943.2235641
CF_Tcu_InhCda,0,1596171943.2524712
CF_Tcu_InhCda,0,1596171943.264468
CF_Tcu_InhCda,0,1596171943.293518
CF_Tcu_InhCda,0,1596171943.301831
CF_Tcu_InhCda,0,1596171943.313762
CF_Tcu_InhCda,0,1596171943.35457
CF_Tcu_InhCda,0,1596171943.375333
CF_Tcu_InhCda,0,1596171943.42429
CF_Tcu_InhCda,0,1596171943.432738
CF_Tcu_InhCda,0,1596171943.452834
CF_Tcu_InhCda,0,1596171943.461431
CF_Tcu_InhCda,0,1596171943.473391
CF_Tcu_InhCda,0,1596171943.563523
CF_Tcu_InhCda,0,1596171943.572115
CF_Tcu_InhCda,0,1596171943.5932548
CF_Tcu_InhCda,0,1596171943.6822839
CF_Tcu_InhCda,0,1596171943.694695
CF_Tcu_InhCda,0,1596171943.862915
CF_Tcu_InhCda,0,1596171943.883232
CF_Tcu_InhCda,0,1596171943.9034212
CF_Tcu_InhCda,0,1596171944.002274
CF_Tcu_InhCda,0,1596171944.071882
CF_Tcu_InhCda,0,1596171944.083533
CF_Tcu_InhCda,0,1596171944.0927448
CF_Tcu_InhCda,0,1596171944.1208448
CF_Tcu_InhCda,0,1596171944.1327648
CF_Tcu_InhCda,0,1596171944.181906
CF_Tcu_InhCda,0,1596171944.223244
CF_Tcu_InhCda,0,1596171944.263844
CF_Tcu_InhCda,0,1596171944.301117
CF_Tcu_InhCda,0,1596171944.312931
CF_Tcu_InhCda,0,1596171944.321435
CF_Tcu_InhCda,0,1596171944.3335311
CF_Tcu_InhCda,0,1596171944.3540502
CF_Tcu_InhCda,0,1596171944.3828971
CF_Tcu_InhCda,0,1596171944.464417
CF_Tcu_InhCda,0,1596171944.484906
CF_Tcu_InhCda,0,1596171944.493443
CF_Tcu_InhCda,0,1596171944.5054119
CF_Tcu_InhCda,0,1596171944.5135622
CF_Tcu_InhCda,0,1596171944.5341241
CF_Tcu_InhCda,0,1596171944.6037529
CF_Tcu_InhCda,0,1596171944.632448
CF_Tcu_InhCda,0,1596171944.661446
CF_Tcu_InhCda,0,1596171944.694668
CF_Tcu_InhCda,0,1596171944.763434
CF_Tcu_InhCda,0,1596171944.7932742
CF_Tcu_InhCda,0,1596171944.804615
CF_Tcu_InhCda,0,1596171944.816694
CF_Tcu_InhCda,0,1596171944.8742445
CF_Tcu_InhCda,0,1596171944.923344
CF_Tcu_InhCda,0,1596171944.931829
CF_Tcu_InhCda,0,1596171944.952233
CF_Tcu_InhCda,0,1596171944.964283
CF_Tcu_InhCda,0,1596171944.9846132
CF_Tcu_InhCda,0,1596171944.99349
CF_Tcu_InhCda,0,1596171945.2430189
CF_Tcu_InhCda,0,1596171945.255019
CF_Tcu_InhCda,0,1596171945.263505
CF_Tcu_InhCda,0,1596171945.3127072
CF_Tcu_InhCda,0,1596171945.3822386
CF_Tcu_InhCda,0,1596171945.394253
CF_Tcu_InhCda,0,1596171945.402976
CF_Tcu_InhCda,0,1596171945.414689
CF_Tcu_InhCda,0,1596171945.4638348
CF_Tcu_InhCda,0,1596171945.4724634
CF_Tcu_InhCda,0,1596171945.5625658
CF_Tcu_InhCda,0,1596171945.5830786
CF_Tcu_InhCda,0,1596171945.6032908
CF_Tcu_InhCda,0,1596171945.6237054
CF_Tcu_InhCda,0,1596171945.652782
CF_Tcu_InhCda,0,1596171945.6813788
CF_Tcu_InhCda,0,1596171945.6933901
CF_Tcu_InhCda,0,1596171945.705461
CF_Tcu_InhCda,0,1596171945.812159
CF_Tcu_InhCda,0,1596171945.8244052
CF_Tcu_InhCda,0,1596171945.8531141
CF_Tcu_InhCda,0,1596171945.8616722
CF_Tcu_InhCda,0,1596171945.8822124
CF_Tcu_InhCda,0,1596171945.894068
CF_Tcu_InhCda,0,1596171945.9516108
CF_Tcu_InhCda,0,1596171945.993084
CF_Tcu_InhCda,0,1596171946.053673
CF_Tcu_InhCda,0,1596171946.102956
CF_Tcu_InhCda,0,1596171946.11502
CF_Tcu_InhCda,0,1596171946.152294
CF_Tcu_InhCda,0,1596171946.254316
CF_Tcu_InhCda,0,1596171946.263036
CF_Tcu_InhCda,0,1596171946.2830489
CF_Tcu_InhCda,0,1596171946.292145
CF_Tcu_InhCda,0,1596171946.3035562
CF_Tcu_InhCda,0,1596171946.324034
CF_Tcu_InhCda,0,1596171946.3611948
CF_Tcu_InhCda,0,1596171946.3731449
CF_Tcu_InhCda,0,1596171946.463253
CF_Tcu_InhCda,0,1596171946.480044
CF_Tcu_InhCda,0,1596171946.5533671
CF_Tcu_InhCda,0,1596171946.5620842
CF_Tcu_InhCda,0,1596171946.573912
CF_Tcu_InhCda,0,1596171946.6025238
CF_Tcu_InhCda,0,1596171946.721936
CF_Tcu_InhCda,0,1596171946.733595
CF_Tcu_InhCda,0,1596171946.754143
CF_Tcu_InhCda,0,1596171946.762295
CF_Tcu_InhCda,0,1596171946.774737
CF_Tcu_InhCda,0,1596171946.791926
CF_Tcu_InhCda,0,1596171946.872839
CF_Tcu_InhCda,0,1596171946.88154
CF_Tcu_InhCda,0,1596171946.8933694
CF_Tcu_InhCda,0,1596171946.905507
CF_Tcu_InhCda,0,1596171946.951117
CF_Tcu_InhCda,0,1596171946.9926212
CF_Tcu_InhCda,0,1596171947.003855
CF_Tcu_InhCda,0,1596171947.0242946
CF_Tcu_InhCda,0,1596171947.094008
CF_Tcu_InhCda,0,1596171947.1226912
CF_Tcu_InhCda,0,1596171947.151784
CF_Tcu_InhCda,0,1596171947.163593
CF_Tcu_InhCda,0,1596171947.192671
CF_Tcu_InhCda,0,1596171947.204551
CF_Tcu_InhCda,0,1596171947.241785
CF_Tcu_InhCda,0,1596171947.253706
CF_Tcu_InhCda,0,1596171947.331879
CF_Tcu_InhCda,0,1596171947.3525188
CF_Tcu_InhCda,0,1596171947.364359
CF_Tcu_InhCda,0,1596171947.372916
CF_Tcu_InhCda,0,1596171947.3940089
CF_Tcu_InhCda,0,1596171947.4013636
CF_Tcu_InhCda,0,1596171947.422016
CF_Tcu_InhCda,0,1596171947.462625
CF_Tcu_InhCda,0,1596171947.471146
CF_Tcu_InhCda,0,1596171947.6311538
CF_Tcu_InhCda,0,1596171947.663302
CF_Tcu_InhCda,0,1596171947.692469
CF_Tcu_InhCda,0,1596171947.77393
CF_Tcu_InhCda,0,1596171947.7824068
CF_Tcu_InhCda,0,1596171947.811435
CF_Tcu_InhCda,0,1596171947.852107
CF_Tcu_InhCda,0,1596171947.913225
CF_Tcu_InhCda,0,1596171947.942179
CF_Tcu_InhCda,0,1596171947.9540038
CF_Tcu_InhCda,0,1596171947.962926
CF_Tcu_InhCda,0,1596171947.983144
CF_Tcu_InhCda,0,1596171948.003236
CF_Tcu_InhCda,0,1596171948.081624
CF_Tcu_InhCda,0,1596171948.10186
CF_Tcu_InhCda,0,1596171948.22077
CF_Tcu_InhCda,0,1596171948.232578
CF_Tcu_InhCda,0,1596171948.2532141
CF_Tcu_InhCda,0,1596171948.2616599
CF_Tcu_InhCda,0,1596171948.273586
CF_Tcu_InhCda,0,1596171948.281826
CF_Tcu_InhCda,0,1596171948.302649
CF_Tcu_InhCda,0,1596171948.3807669
CF_Tcu_InhCda,0,1596171948.3928168
CF_Tcu_InhCda,0,1596171948.404584
CF_Tcu_InhCda,0,1596171948.4333189
CF_Tcu_InhCda,0,1596171948.5521472
CF_Tcu_InhCda,0,1596171948.564363
CF_Tcu_InhCda,0,1596171948.6259544
CF_Tcu_InhCda,0,1596171948.630323
CF_Tcu_InhCda,0,1596171948.662852
CF_Tcu_InhCda,0,1596171948.683234
CF_Tcu_InhCda,0,1596171948.703626
CF_Tcu_InhCda,0,1596171948.72425
CF_Tcu_InhCda,0,1596171948.904285
CF_Tcu_InhCda,0,1596171948.9211378
CF_Tcu_InhCda,0,1596171948.98211
CF_Tcu_InhCda,0,1596171949.002775
CF_Tcu_InhCda,0,1596171949.0111842
CF_Tcu_InhCda,0,1596171949.023093
CF_Tcu_InhCda,0,1596171949.0604382
CF_Tcu_InhCda,0,1596171949.113285
CF_Tcu_InhCda,0,1596171949.1828802
CF_Tcu_InhCda,0,1596171949.203362
CF_Tcu_InhCda,0,1596171949.301641
CF_Tcu_InhCda,0,1596171949.351177
CF_Tcu_InhCda,0,1596171949.383532
CF_Tcu_InhCda,0,1596171949.404018
CF_Tcu_InhCda,0,1596171949.473598
CF_Tcu_InhCda,0,1596171949.522751
CF_Tcu_InhCda,0,1596171949.531032
CF_Tcu_InhCda,0,1596171949.563783
CF_Tcu_InhCda,0,1596171949.5842571
CF_Tcu_InhCda,0,1596171949.604768
CF_Tcu_InhCda,0,1596171949.625486
CF_Tcu_InhCda,0,1596171949.641927
CF_Tcu_InhCda,0,1596171949.731669
CF_Tcu_InhCda,0,1596171949.7608252
CF_Tcu_InhCda,0,1596171949.7727141
CF_Tcu_InhCda,0,1596171949.7812412
CF_Tcu_InhCda,0,1596171949.793602
CF_Tcu_InhCda,0,1596171949.805355
CF_Tcu_InhCda,0,1596171949.814234
CF_Tcu_InhCda,0,1596171949.8218741
CF_Tcu_InhCda,0,1596171949.834065
CF_Tcu_InhCda,0,1596171949.862988
CF_Tcu_InhCda,0,1596171949.871384
CF_Tcu_InhCda,0,1596171949.903671
CF_Tcu_InhCda,0,1596171949.9119911
CF_Tcu_InhCda,0,1596171949.961544
CF_Tcu_InhCda,0,1596171950.002025
CF_Tcu_InhCda,0,1596171950.010992
CF_Tcu_InhCda,0,1596171950.022573
CF_Tcu_InhCda,0,1596171950.0347419
CF_Tcu_InhCda,0,1596171950.063489
CF_Tcu_InhCda,0,1596171950.0719981
CF_Tcu_InhCda,0,1596171950.0839412
CF_Tcu_InhCda,0,1596171950.125196
CF_Tcu_InhCda,0,1596171950.174044
CF_Tcu_InhCda,0,1596171950.182325
CF_Tcu_InhCda,0,1596171950.1946938
CF_Tcu_InhCda,0,1596171950.2231991
CF_Tcu_InhCda,0,1596171950.2318249
CF_Tcu_InhCda,0,1596171950.252306
CF_Tcu_InhCda,0,1596171950.2642748
CF_Tcu_InhCda,0,1596171950.272445
CF_Tcu_InhCda,0,1596171950.2845912
CF_Tcu_InhCda,0,1596171950.293706
CF_Tcu_InhCda,0,1596171950.305151
CF_Tcu_InhCda,0,1596171950.391818
CF_Tcu_InhCda,0,1596171950.403487
CF_Tcu_InhCda,0,1596171950.412058
